2 0.69306930625 0.8105726875 0.6914191421875 0.8127753296875 0.69306930625 0.8193832593750001 0.702970296875 0.8259911890625 0.7079207921874999 0.8259911890625 0.7079207921874999 0.8193832593750001 0.7095709578125 0.8193832593750001 0.7095709578125 0.8061674015625 0.7079207921874999 0.8039647578125001 0.7046204625 0.8039647578125001 0.7013201312499999 0.8083700437499999 0.7013201312499999 0.8105726875 0.69306930625 0.8105726875
2 0.727722771875 0.8766519828125 0.7376237625 0.8766519828125 0.7376237625 0.8722466953125 0.7343234328125 0.867841409375 0.7326732671875 0.867841409375 0.7326732671875 0.8612334796875001 0.7310231015624999 0.8590308375 0.7260726078124999 0.8612334796875001 0.7260726078124999 0.8744493390624999 0.727722771875 0.8766519828125
2 0.65631848125 0.6407048453125 0.6540742578125001 0.636299559375 0.6476089109375 0.6361233484375 0.6377095703125 0.6461674015625001 0.6424603953125 0.6592070484375 0.6589587453125 0.6533920703125 0.656714521875 0.6454625546874999 0.65631848125 0.6407048453125
2 0.6947194718749999 0.773127753125 0.6947194718749999 0.7621145375 0.6897689765624999 0.76431718125 0.68481848125 0.770925109375 0.68481848125 0.773127753125 0.6864686468750001 0.775330396875 0.69306930625 0.775330396875 0.6947194718749999 0.773127753125
2 0.7574257421875 0.9118942734375001 0.7541254125 0.9118942734375001 0.747524753125 0.9162995593750001 0.747524753125 0.9229074890625 0.7491749171875 0.9229074890625 0.7574257421875 0.918502203125 0.7574257421875 0.9118942734375001
2 0.6237623765625 0.6475770921875 0.620462046875 0.6475770921875 0.6155115515625 0.651982378125 0.6155115515625 0.656387665625 0.625412540625 0.656387665625 0.625412540625 0.6497797359375 0.6237623765625 0.6475770921875
2 0.6594851484375 0.6978854625 0.6571105609375001 0.6888986781249999 0.6501650171875 0.6828193828125 0.64356435625 0.6828193828125 0.6402640265625 0.6894273125 0.6402640265625 0.69162995625 0.6432524749999999 0.7024669609374999 0.6594851484375 0.6978854625
2 0.628712871875 0.632158590625 0.633663365625 0.6387665203124999 0.63531353125 0.6387665203124999 0.63531353125 0.632158590625 0.636963696875 0.632158590625 0.636963696875 0.6123348015625 0.6320132015625 0.6035242296875001 0.62706270625 0.6035242296875001 0.6237623765625 0.607929515625 0.6237623765625 0.6233480171875 0.628712871875 0.632158590625
2 0.5577557750000001 0.5881057265625 0.5577557750000001 0.5969163 0.5660065999999999 0.6123348015625 0.5808580859375 0.632158590625 0.5907590765624999 0.632158590625 0.5907590765624999 0.6255506609375 0.5891089109375 0.621145375 0.5709570953124999 0.5881057265625 0.56930693125 0.585903084375 0.5643564359375 0.585903084375 0.5643564359375 0.583700440625 0.559405940625 0.583700440625 0.5577557750000001 0.5881057265625
2 0.59405940625 0.5660792953125 0.58580858125 0.5660792953125 0.5841584156249999 0.5792951546875 0.58580858125 0.5792951546875 0.58580858125 0.585903084375 0.5907590765624999 0.5969163 0.5990099015625 0.607929515625 0.6039603953125 0.607929515625 0.6056105609375 0.6035242296875001 0.6056105609375 0.59471365625 0.6039603953125 0.59471365625 0.6039603953125 0.585903084375 0.6023102312499999 0.585903084375 0.6023102312499999 0.5792951546875 0.600660065625 0.5748898671875 0.59405940625 0.5660792953125
2 0.5775577562499999 0.49779735625 0.575907590625 0.50220264375 0.5775577562499999 0.50220264375 0.5775577562499999 0.5088105734374999 0.5792079203125 0.513215859375 0.5874587453125 0.524229075 0.592409240625 0.5374449343750001 0.59405940625 0.5396475765625001 0.5973597359375 0.5396475765625001 0.5990099015625 0.5374449343750001 0.5990099015625 0.5176211453125 0.5957095703124999 0.5 0.5907590765624999 0.4933920703125 0.58580858125 0.4933920703125 0.58580858125 0.4955947140625 0.5808580859375 0.4955947140625 0.5775577562499999 0.49779735625
2 0.567656765625 0.5528634359375 0.56930693125 0.5528634359375 0.56930693125 0.559471365625 0.5709570953124999 0.561674009375 0.5775577562499999 0.561674009375 0.5792079203125 0.557268721875 0.5792079203125 0.54845815 0.5808580859375 0.54845815 0.5808580859375 0.5352422906250001 0.5775577562499999 0.5308370046875 0.575907590625 0.5308370046875 0.567656765625 0.5396475765625001 0.567656765625 0.5528634359375
2 0.56105610625 0.5088105734374999 0.5627062703125 0.511013215625 0.5660065999999999 0.511013215625 0.56930693125 0.5088105734374999 0.574257425 0.5 0.574257425 0.4955947140625 0.56930693125 0.48898678437500004 0.5643564359375 0.48898678437500004 0.559405940625 0.4955947140625 0.559405940625 0.5044052859375 0.56105610625 0.5088105734374999
2 0.5462046203125 0.5528634359375 0.541254125 0.557268721875 0.541254125 0.559471365625 0.534653465625 0.559471365625 0.534653465625 0.5638766515625 0.5379537953125 0.57048458125 0.541254125 0.572687225 0.5478547859375 0.581497796875 0.5528052812500001 0.585903084375 0.5561056109375 0.585903084375 0.5577557750000001 0.583700440625 0.5577557750000001 0.5770925109375 0.559405940625 0.5770925109375 0.559405940625 0.561674009375 0.5528052812500001 0.5506607921875 0.5511551156250001 0.5506607921875 0.5511551156250001 0.5528634359375 0.5462046203125 0.5528634359375
2 0.526402640625 0.5528634359375 0.5297029703125 0.557268721875 0.5330033000000001 0.559471365625 0.541254125 0.559471365625 0.5445544546875001 0.5528634359375 0.542904290625 0.5440528640625 0.5396039609375001 0.5396475765625001 0.534653465625 0.5396475765625001 0.5330033000000001 0.5440528640625 0.5280528046875 0.5440528640625 0.524752475 0.54625550625 0.526402640625 0.5528634359375
2 0.5330033000000001 0.533039646875 0.5363036296875 0.5352422906250001 0.542904290625 0.5352422906250001 0.5452623765625 0.5277533046875 0.543151815625 0.5245814984375 0.540775578125 0.51894273125 0.5383993406250001 0.51471365625 0.5280528046875 0.511013215625 0.524752475 0.513215859375 0.526402640625 0.52202643125 0.5330033000000001 0.533039646875
2 0.5379537953125 0.5 0.5379537953125 0.511013215625 0.541254125 0.513215859375 0.5511551156250001 0.513215859375 0.5528052812500001 0.5066079296875 0.5511551156250001 0.5066079296875 0.5511551156250001 0.5 0.5462046203125 0.49118942656250003 0.5379537953125 0.49118942656250003 0.5363036296875 0.4955947140625 0.5363036296875 0.5 0.5379537953125 0.5
2 0.518151815625 0.524229075 0.5231023109375 0.524229075 0.5231023109375 0.5154185015625 0.5198019796875 0.5066079296875 0.51650165 0.50220264375 0.508250825 0.50220264375 0.506600659375 0.5044052859375 0.506600659375 0.511013215625 0.5115511546875 0.5198237890625 0.518151815625 0.524229075
2 0.51650165 0.442731278125 0.509900990625 0.442731278125 0.498349834375 0.45374449375000003 0.498349834375 0.4713656390625 0.5 0.47356828125000006 0.5049504953125 0.47356828125000006 0.5049504953125 0.47577092499999996 0.5132013203125 0.47577092499999996 0.5132013203125 0.47797356874999997 0.51650165 0.47797356874999997 0.524752475 0.47356828125000006 0.524752475 0.4713656390625 0.5297029703125 0.4713656390625 0.5297029703125 0.464757709375 0.526402640625 0.4559471359375 0.5214521453125001 0.44713656406249996 0.51650165 0.442731278125
2 0.490099009375 0.48017621093749996 0.491749175 0.48017621093749996 0.4966996703125 0.47356828125000006 0.4966996703125 0.4713656390625 0.490099009375 0.46035242343749994 0.4867986796875 0.45814977968750004 0.481848184375 0.45814977968750004 0.481848184375 0.464757709375 0.485148515625 0.47356828125000006 0.490099009375 0.48017621093749996
2 0.47194719531249996 0.4207048453125 0.4669967 0.4207048453125 0.46534653437499995 0.42290748906250003 0.46534653437499995 0.42951541875 0.4702970296875 0.438325990625 0.47689768906249996 0.442731278125 0.490099009375 0.442731278125 0.491749175 0.438325990625 0.498349834375 0.438325990625 0.506600659375 0.42511013281250004 0.506600659375 0.41850220312499997 0.5 0.4074889875 0.4867986796875 0.4074889875 0.47194719531249996 0.41850220312499997 0.47194719531249996 0.4207048453125
2 0.485148515625 0.394273128125 0.481848184375 0.3854625546875 0.47194719531249996 0.3722466953125 0.4636963703125 0.3766519828125 0.46204620468749996 0.39867841406250004 0.457095709375 0.40528634375 0.457095709375 0.41409691562499995 0.45874587499999997 0.41629955937499996 0.46534653437499995 0.41629955937499996 0.4702970296875 0.4074889875 0.4785478546875 0.4074889875 0.481848184375 0.40969162968750006 0.485148515625 0.40969162968750006 0.4867986796875 0.4074889875 0.4867986796875 0.4030837 0.485148515625 0.4030837 0.485148515625 0.394273128125
2 0.44389438906249995 0.392070484375 0.45874587499999997 0.392070484375 0.4603960390625 0.38986784218750004 0.4603960390625 0.3722466953125 0.448844884375 0.3634361234375 0.4372937296875 0.3634361234375 0.43399340000000003 0.370044053125 0.43399340000000003 0.3744493390625 0.4372937296875 0.3832599125 0.44389438906249995 0.392070484375
2 0.4273927390625 0.35462555 0.42904290468750006 0.35903083750000003 0.43069306875 0.36123347968749997 0.43399340000000003 0.36123347968749997 0.4372937296875 0.35682819375 0.44059405937499996 0.348017621875 0.44059405937499996 0.3414096921875 0.4372937296875 0.3370044046875 0.43069306875 0.3370044046875 0.42904290468750006 0.3392070484375 0.4273927390625 0.343612334375 0.4273927390625 0.35462555
2 0.407590759375 0.3039647578125 0.40264026406250003 0.3127753296875 0.3960396046875 0.319383259375 0.39768976875 0.3281938328125 0.40264026406250003 0.33480176250000004 0.40594059375 0.3370044046875 0.41089108906250005 0.3370044046875 0.4125412546875 0.33480176250000004 0.4125412546875 0.3281938328125 0.41419141875000004 0.3281938328125 0.4191419140625 0.319383259375 0.4191419140625 0.3039647578125 0.41749174843750003 0.30176211406250003 0.41089108906250005 0.30176211406250003 0.407590759375 0.3039647578125
2 0.5709570953124999 0.48237885468749997 0.574257425 0.48237885468749997 0.575907590625 0.47797356874999997 0.575907590625 0.45154185 0.574257425 0.4493392078125 0.56105610625 0.4493392078125 0.559405940625 0.45374449375000003 0.56105610625 0.466960353125 0.5660065999999999 0.47577092499999996 0.5709570953124999 0.48237885468749997
2 0.54950495 0.48237885468749997 0.5528052812500001 0.48237885468749997 0.559405940625 0.4691629953125 0.5577557750000001 0.4559471359375 0.5544554453125 0.45154185 0.54950495 0.45154185 0.5445544546875001 0.46035242343749994 0.5445544546875001 0.4713656390625 0.5478547859375 0.48017621093749996 0.54950495 0.48237885468749997
2 0.54950495 0.438325990625 0.5544554453125 0.44493392031249995 0.5577557750000001 0.44713656406249996 0.56105610625 0.44493392031249995 0.56105610625 0.42511013281250004 0.559405940625 0.42511013281250004 0.559405940625 0.41629955937499996 0.5577557750000001 0.41189427343749996 0.5511551156250001 0.4074889875 0.542904290625 0.41409691562499995 0.542904290625 0.4207048453125 0.54950495 0.438325990625
2 0.5396039609375001 0.41409691562499995 0.541254125 0.41629955937499996 0.5445544546875001 0.41629955937499996 0.5445544546875001 0.38105726875 0.541254125 0.3744493390625 0.5396039609375001 0.3744493390625 0.5330033000000001 0.3832599125 0.5330033000000001 0.394273128125 0.534653465625 0.394273128125 0.534653465625 0.4008810578125 0.5396039609375001 0.41409691562499995
2 0.4009900984375 0.830396475 0.4009900984375 0.8325991187499999 0.3943894390625 0.8325991187499999 0.3943894390625 0.8348017625 0.38943894375 0.8348017625 0.3861386140625 0.8370044046875 0.3844884484375 0.8392070484374999 0.3844884484375 0.8436123343749999 0.3861386140625 0.8458149781250001 0.39273927343750004 0.8458149781250001 0.39273927343750004 0.848017621875 0.42244224375000006 0.848017621875 0.42244224375000006 0.8458149781250001 0.4273927390625 0.8458149781250001 0.43234323437500005 0.8414096921875001 0.43234323437500005 0.830396475 0.425742575 0.8259911890625 0.4125412546875 0.8259911890625 0.4009900984375 0.830396475
2 0.475247525 0.8259911890625 0.47359735937499997 0.8259911890625 0.475247525 0.8348017625 0.481848184375 0.8436123343749999 0.4884488453125 0.8436123343749999 0.493399340625 0.8392070484374999 0.4966996703125 0.8325991187499999 0.4966996703125 0.8105726875 0.491749175 0.8039647578125001 0.485148515625 0.8017621140625 0.4785478546875 0.8105726875 0.475247525 0.8171806171875 0.475247525 0.8259911890625