2 0.06875 0.6984375 0.0625 0.7125 0.07083333281250001 0.7203125 0.20416666718749998 0.73125 0.3270833328125 0.7546875 0.3625 0.7765625 0.4479166671875 0.8125 0.5416666671875 0.8421875 0.5604166671875 0.859375 0.5979166671875 0.8765625 0.6770833328125 0.896875 0.7270833328124999 0.9203125 0.8 0.934375 0.8729166671874999 0.9578125 0.9104166671874999 0.959375 0.9208333328125 0.953125 0.9270833328125001 0.934375 0.9 0.9078125 0.7958333328125 0.8625 0.2645833328125 0.565625 0.24583333281250003 0.55 0.20208333281250002 0.54375 0.15 0.5171875 0.1416666671875 0.521875 0.1416666671875 0.5328125 0.4149375 0.7315031249999999 0.0979166671875 0.6 0.075 0.59375 0.08541666718749999 0.6484375 0.125 0.690625 0.10069375 0.6984375 0.06875 0.6984375
2 0.1125 0.490625 0.1604166671875 0.4828125 0.26875 0.4796875 0.2666666671875 0.4671875 0.21875 0.4546875 0.1854166671875 0.453125 0.16458333281249998 0.459375 0.0395833328125 0.45625 0.025 0.4609375 0.03125 0.5203125 0.0645833328125 0.5125 0.1125 0.490625
2 0.07083333281250001 0.3015625 0.08125 0.3015625 0.1145833328125 0.2984375 0.125 0.2921875 0.125 0.2828125 0.12291666718750001 0.28125 0.11041666718750001 0.28125 0.09375 0.2890625 0.0916666671875 0.2921875 0.08541666718749999 0.2921875 0.08541666718749999 0.29375 0.07291666718749999 0.29375 0.0645833328125 0.2984375 0.0645833328125 0.3 0.07083333281250001 0.3 0.07083333281250001 0.3015625
2 0.060416667187499995 0.228125 0.060416667187499995 0.2265625 0.0666666671875 0.2265625 0.06875 0.225 0.06875 0.209375 0.0666666671875 0.2078125 0.060416667187499995 0.2078125 0.05625 0.2015625 0.0479166671875 0.2015625 0.0395833328125 0.20625 0.0333333328125 0.215625 0.0333333328125 0.2234375 0.0395833328125 0.228125 0.060416667187499995 0.228125
2 0 0.253125 0.010416667187500001 0.240625 0.010416667187500001 0.2359375 0.0125 0.2359375 0.0166666671875 0.221875 0.01875 0.221875 0.0208333328125 0.2078125 0.025 0.2046875 0.025 0.1890625 0.0375 0.1765625 0.0458333328125 0.1765625 0.054166667187499996 0.1734375 0.0645833328125 0.159375 0.0645833328125 0.1546875 0.058333332812500006 0.1546875 0.0333333328125 0.165625 0.0208333328125 0.1734375 0.014583332812499999 0.1828125 0.014583332812499999 0.209375 0.0125 0.209375 0.0125 0.215625 0.010416667187500001 0.215625 0.00625 0.2296875 0 0.234375 0 0.253125
2 0.025 0.121875 0.0354166671875 0.121875 0.05625 0.1078125 0.0645833328125 0.0921875 0.0645833328125 0.0859375 0.060416667187499995 0.0859375 0.0375 0.1 0.029166667187500002 0.1078125 0.025 0.109375 0.025 0.1140625 0.0229166671875 0.1140625 0.0229166671875 0.1203125 0.025 0.121875
2 0.10833333281249999 0.178125 0.1166666671875 0.178125 0.1166666671875 0.1796875 0.13333333281249998 0.1796875 0.1395833328125 0.1765625 0.1395833328125 0.159375 0.1375 0.1578125 0.1270833328125 0.1578125 0.1270833328125 0.15625 0.1208333328125 0.15625 0.1166666671875 0.1578125 0.1125 0.1625 0.1125 0.16875 0.11041666718750001 0.16875 0.10833333281249999 0.171875 0.10833333281249999 0.178125
2 0.1270833328125 0.1453125 0.1291666671875 0.1421875 0.1291666671875 0.1359375 0.125 0.1328125 0.1125 0.1328125 0.10625 0.1375 0.10625 0.14375 0.10833333281249999 0.1453125 0.1270833328125 0.1453125
2 0.22291666718749997 0.134375 0.22291666718749997 0.1359375 0.2666666671875 0.1359375 0.2770833328125 0.1296875 0.2770833328125 0.1265625 0.27291666718749996 0.1234375 0.2666666671875 0.1234375 0.2666666671875 0.121875 0.25625 0.121875 0.25625 0.1203125 0.21875 0.11875 0.2125 0.121875 0.2104166671875 0.125 0.2104166671875 0.13125 0.2166666671875 0.134375 0.22291666718749997 0.134375
2 0.2104166671875 0.1796875 0.2125 0.18125 0.21875 0.18125 0.225 0.1765625 0.23958333281250002 0.1703125 0.24375 0.1671875 0.2479166671875 0.1609375 0.2479166671875 0.15625 0.25 0.15625 0.25 0.15 0.24583333281250003 0.14375 0.2416666671875 0.140625 0.2375 0.140625 0.2375 0.1421875 0.2270833328125 0.1421875 0.21875 0.1484375 0.20833333281250002 0.1640625 0.20833333281250002 0.175 0.2104166671875 0.175 0.2104166671875 0.1796875
2 0.28958333281250004 0.1328125 0.28958333281250004 0.134375 0.2916666671875 0.134375 0.2979166671875 0.1296875 0.2979166671875 0.121875 0.2958333328125 0.11875 0.2916666671875 0.115625 0.28125 0.115625 0.2770833328125 0.1171875 0.27291666718749996 0.1234375 0.27291666718749996 0.1296875 0.2791666671875 0.1328125 0.28958333281250004 0.1328125
2 0.2958333328125 0.1109375 0.3104166671875 0.115625 0.3229166671875 0.115625 0.3270833328125 0.1140625 0.3270833328125 0.1125 0.325 0.1125 0.325 0.1015625 0.31875 0.0953125 0.3125 0.0953125 0.3125 0.096875 0.30625 0.096875 0.30625 0.0984375 0.2958333328125 0.0984375 0.2958333328125 0.1 0.28958333281250004 0.1 0.28958333281250004 0.10625 0.2958333328125 0.1109375
2 0.46666666718750005 0.05 0.4770833328125 0.05 0.4770833328125 0.0515625 0.48125 0.0515625 0.4895833328125 0.0484375 0.49791666718750005 0.040625 0.49791666718750005 0.025 0.48541666718750004 0.0171875 0.4770833328125 0.0171875 0.46458333281249997 0.025 0.4583333328125 0.0359375 0.4583333328125 0.04375 0.4625 0.0484375 0.46666666718750005 0.05
2 0.42083333281249996 0.1296875 0.4270833328125 0.1328125 0.43333333281249997 0.1328125 0.44375 0.128125 0.45625 0.1171875 0.45625 0.1125 0.45416666718750004 0.109375 0.4458333328125 0.1046875 0.4291666671875 0.10625 0.42083333281249996 0.1125 0.42083333281249996 0.1203125 0.41875 0.1203125 0.41875 0.1265625 0.42083333281249996 0.1296875
2 0.5916666671875 0.0953125 0.5916666671875 0.090625 0.5854166671875001 0.0875 0.58125 0.0875 0.5770833328125 0.090625 0.5770833328125 0.1015625 0.5875 0.1015625 0.5916666671875 0.0953125
2 0.6541666671875 0.190625 0.65625 0.190625 0.65625 0.203125 0.6604166671875 0.2046875 0.6625 0.1890625 0.6666666671875 0.184375 0.6666666671875 0.171875 0.6625 0.165625 0.6583333328125 0.1625 0.6520833328125 0.1625 0.6458333328125 0.1671875 0.64375 0.1703125 0.64375 0.18125 0.6458333328125 0.184375 0.6541666671875 0.190625
2 0.725 0.31875 0.725 0.328125 0.7291666671875 0.3328125 0.7333333328125 0.3328125 0.7375 0.3296875 0.7416666671875001 0.3171875 0.7416666671875001 0.309375 0.74375 0.309375 0.74375 0.290625 0.7395833328125 0.284375 0.7333333328125 0.284375 0.73125 0.2859375 0.7270833328124999 0.2953125 0.7270833328124999 0.3015625 0.725 0.3015625 0.725 0.315625 0.7229166671875 0.315625 0.7229166671875 0.31875 0.725 0.31875
2 0.73125 0.415625 0.7354166671875 0.4171875 0.7375 0.4171875 0.7375 0.415625 0.7458333328125 0.415625 0.7541666671875 0.403125 0.7541666671875 0.3984375 0.75625 0.3984375 0.75625 0.3921875 0.7583333328124999 0.3921875 0.7583333328124999 0.3890625 0.75625 0.3890625 0.75625 0.38125 0.75 0.3765625 0.74375 0.3765625 0.73125 0.390625 0.73125 0.3953125 0.7291666671875 0.3953125 0.7291666671875 0.4125 0.73125 0.415625
2 0.70625 0.4765625 0.69375 0.4765625 0.6791666671875001 0.503125 0.68125 0.5265625 0.70625 0.5046875 0.70625 0.4765625
2 0.46666666718750005 0.5375 0.46666666718750005 0.5359375 0.47291666718750003 0.5359375 0.4791666671875 0.53125 0.4770833328125 0.5265625 0.46666666718750005 0.5203125 0.45416666718750004 0.515625 0.44375 0.515625 0.44375 0.5140625 0.4375 0.5140625 0.43333333281249997 0.515625 0.4375 0.5265625 0.45208333281249996 0.5375 0.46666666718750005 0.5375
2 0.4583333328125 0.503125 0.4625 0.496875 0.4625 0.484375 0.4583333328125 0.4796875 0.45416666718750004 0.4796875 0.4479166671875 0.4890625 0.4479166671875 0.4984375 0.45208333281249996 0.503125 0.4583333328125 0.503125
2 0.5583333328125 0.1484375 0.5625 0.146875 0.5666666671875 0.1421875 0.5666666671875 0.1375 0.5583333328125 0.1328125 0.5541666671875001 0.1328125 0.5541666671875001 0.134375 0.5479166671875 0.134375 0.54375 0.1359375 0.5395833328124999 0.1390625 0.5395833328124999 0.14375 0.5458333328125 0.1484375 0.5583333328125 0.1484375
2 0.5604166671875 0.0796875 0.5708333328124999 0.0734375 0.5729166671875 0.0703125 0.5729166671875 0.065625 0.5645833328125 0.05625 0.5604166671875 0.05625 0.5520833328125 0.0640625 0.55 0.0671875 0.55 0.0734375 0.55625 0.0796875 0.5604166671875 0.0796875