2 0.08541666718749999 0.6203125 0.08541666718749999 0.628125 0.1 0.6359375 0.2666666671875 0.640625 0.3166666671875 0.6640625 0.4625 0.7015625 0.5 0.71875 0.5395833328124999 0.728125 0.5791666671875 0.725 0.6125 0.7484375 0.65 0.753125 0.6833333328125 0.7484375 0.8145833328125001 0.7859375 0.8375 0.7890625 0.8458333328125001 0.784375 0.84375 0.7671875 0.83125 0.7578125 0.475 0.640625 0.43333333281249997 0.60625 0.3770833328125 0.575 0.2166666671875 0.5203125 0.1583333328125 0.490625 0.1416666671875 0.490625 0.13125 0.4984375 0.1541666671875 0.525 0.10833333281249999 0.55625 0.11041666718750001 0.58125 0.1416666671875 0.60625 0.13333333281249998 0.6171875 0.08541666718749999 0.6203125
2 0.2875 0.8828125 0.2875 0.88125 0.29375 0.88125 0.3 0.8765625 0.30416666718749996 0.8703125 0.30416666718749996 0.865625 0.30625 0.865625 0.30625 0.859375 0.30416666718749996 0.8578125 0.2979166671875 0.8578125 0.29375 0.859375 0.2875 0.865625 0.2833333328125 0.8734375 0.2833333328125 0.88125 0.2854166671875 0.8828125 0.2875 0.8828125
2 0.1166666671875 0.8875 0.1208333328125 0.884375 0.1208333328125 0.88125 0.1166666671875 0.8765625 0.1041666671875 0.8765625 0.1041666671875 0.878125 0.0958333328125 0.878125 0.08541666718749999 0.8828125 0.08333333281250001 0.8875 0.0875 0.8921875 0.1041666671875 0.8921875 0.1166666671875 0.8875
2 0.0979166671875 0.815625 0.1041666671875 0.8203125 0.12291666718750001 0.8296875 0.1270833328125 0.83125 0.13333333281249998 0.83125 0.13333333281249998 0.8328125 0.1458333328125 0.8328125 0.1458333328125 0.834375 0.1583333328125 0.834375 0.1583333328125 0.8328125 0.16458333281249998 0.8328125 0.1666666671875 0.83125 0.1666666671875 0.8265625 0.1416666671875 0.8171875 0.1354166671875 0.8171875 0.13333333281249998 0.8140625 0.10833333281249999 0.7984375 0.0979166671875 0.7984375 0.0979166671875 0.8078125 0.0958333328125 0.8078125 0.0958333328125 0.8125 0.0979166671875 0.815625
2 0.2104166671875 0.8625 0.2104166671875 0.8578125 0.20833333281250002 0.85625 0.2 0.85625 0.1979166671875 0.8625 0.2 0.865625 0.20625 0.865625 0.2104166671875 0.8625
2 0.3395833328125 0.7375 0.35 0.7375 0.35 0.7359375 0.3583333328125 0.7359375 0.3583333328125 0.734375 0.375 0.734375 0.3791666671875 0.7328125 0.3791666671875 0.7296875 0.4 0.7171875 0.4 0.7125 0.3916666671875 0.7125 0.3916666671875 0.7109375 0.375 0.7109375 0.375 0.7125 0.36875 0.7125 0.3229166671875 0.73125 0.3166666671875 0.7359375 0.31875 0.7390625 0.3395833328125 0.7390625 0.3395833328125 0.7375
2 0.0416666671875 0.1984375 0.0458333328125 0.1953125 0.0458333328125 0.1875 0.04375 0.1859375 0.0354166671875 0.1859375 0.0333333328125 0.1875 0.03125 0.190625 0.0333333328125 0.1953125 0.0375 0.1984375 0.0416666671875 0.1984375
2 0.1375 0.0875 0.1458333328125 0.0875 0.1541666671875 0.08125 0.15625 0.078125 0.15625 0.0671875 0.1541666671875 0.0671875 0.1541666671875 0.0609375 0.1520833328125 0.059375 0.1416666671875 0.059375 0.1375 0.0609375 0.1354166671875 0.0640625 0.1354166671875 0.06875 0.13333333281249998 0.06875 0.13333333281249998 0.0828125 0.1375 0.0875
2 0.1666666671875 0.0671875 0.1854166671875 0.0703125 0.1979166671875 0.0703125 0.1979166671875 0.06875 0.20416666718749998 0.06875 0.2104166671875 0.0640625 0.2104166671875 0.0578125 0.2125 0.0578125 0.2125 0.05 0.20625 0.0453125 0.1833333328125 0.0453125 0.1708333328125 0.05 0.16458333281249998 0.0578125 0.16458333281249998 0.0625 0.1625 0.0625 0.1625 0.0640625 0.1666666671875 0.0671875
2 0.1291666671875 0.05 0.1291666671875 0.0515625 0.1604166671875 0.0515625 0.1604166671875 0.05 0.1729166671875 0.05 0.1729166671875 0.0390625 0.1666666671875 0.0390625 0.1666666671875 0.0375 0.1583333328125 0.0375 0.1583333328125 0.0359375 0.1541666671875 0.0328125 0.13333333281249998 0.0328125 0.13333333281249998 0.034375 0.1270833328125 0.034375 0.1145833328125 0.0390625 0.1125 0.040625 0.1125 0.0453125 0.1208333328125 0.05 0.1291666671875 0.05
2 0.4770833328125 0.465625 0.4770833328125 0.4671875 0.48333333281249996 0.4671875 0.4916666671875 0.4640625 0.5 0.45625 0.50625 0.446875 0.50625 0.44375 0.49583333281249997 0.44375 0.4916666671875 0.446875 0.48333333281249996 0.45 0.4770833328125 0.4546875 0.46875 0.4625 0.46875 0.4640625 0.47083333281249995 0.465625 0.4770833328125 0.465625
2 0.51875 0.3796875 0.5333333328125 0.3609375 0.5333333328125 0.35625 0.5354166671875 0.35625 0.5354166671875 0.3484375 0.53125 0.346875 0.5291666671875 0.346875 0.5291666671875 0.3484375 0.5208333328125 0.3484375 0.5208333328125 0.35 0.5145833328125 0.35 0.5125 0.3515625 0.50625 0.3609375 0.50625 0.3859375 0.5104166671875 0.3859375 0.51875 0.3796875
2 0.5479166671875 0.2875 0.5520833328125 0.2890625 0.5520833328125 0.29375 0.5541666671875001 0.296875 0.55625 0.296875 0.5708333328124999 0.28125 0.5729166671875 0.278125 0.5729166671875 0.2734375 0.575 0.2734375 0.575 0.2671875 0.5770833328125 0.2671875 0.5770833328125 0.265625 0.575 0.2625 0.5666666671875 0.25625 0.5604166671875 0.25625 0.5541666671875001 0.259375 0.5479166671875 0.2734375 0.5479166671875 0.2796875 0.5458333328125 0.2796875 0.5458333328125 0.284375 0.5479166671875 0.2875
2 0.55 0.2265625 0.5583333328125 0.2203125 0.56875 0.2046875 0.56875 0.2 0.5708333328124999 0.2 0.5708333328124999 0.1859375 0.5625 0.1859375 0.5541666671875001 0.1953125 0.5541666671875001 0.2 0.55 0.2015625 0.54375 0.2109375 0.5395833328124999 0.21875 0.5395833328124999 0.225 0.5416666671875 0.2265625 0.55 0.2265625
2 0.93125 0.5296875 0.9395833328125001 0.5296875 0.9458333328125 0.5234375 0.9458333328125 0.5171875 0.9375 0.5109375 0.93125 0.5125 0.9270833328125001 0.515625 0.925 0.51875 0.925 0.5234375 0.9270833328125001 0.5265625 0.93125 0.5296875
2 0.4479166671875 0.0625 0.4479166671875 0.0640625 0.45416666718750004 0.06875 0.4583333328125 0.0671875 0.4604166671875 0.0640625 0.4604166671875 0.0484375 0.45625 0.04375 0.4479166671875 0.040625 0.4375 0.040625 0.4270833328125 0.046875 0.425 0.0515625 0.43333333281249997 0.059375 0.44166666718750003 0.0625 0.4479166671875 0.0625