2 0.22626582343749999 0.4198312234375 0.2405063296875 0.4198312234375 0.2405063296875 0.41772151874999996 0.24525316406250003 0.41772151874999996 0.24841772187500002 0.4156118140625 0.25 0.4113924046875 0.25 0.40506329062499996 0.251582278125 0.40506329062499996 0.251582278125 0.3945147671875 0.24525316406250003 0.3881856546875 0.23575949375 0.3881856546875 0.23575949375 0.38607595 0.22151898750000001 0.38607595 0.2120253171875 0.390295359375 0.20886075937499998 0.3945147671875 0.20886075937499998 0.40717299531249995 0.2151898734375 0.4156118140625 0.21835442968750002 0.41772151874999996 0.22626582343749999 0.41772151874999996 0.22626582343749999 0.4198312234375
2 0.276898734375 0.40506329062499996 0.2848101265625 0.396624471875 0.2974683546875 0.390295359375 0.2974683546875 0.38607595 0.291139240625 0.38607595 0.291139240625 0.3839662453125 0.280063290625 0.37974683593749997 0.2689873421875 0.37974683593749997 0.2689873421875 0.37763713125 0.25949367031250004 0.37763713125 0.25 0.3839662453125 0.25 0.390295359375 0.25949367031250004 0.40084388125 0.262658228125 0.40295358593749997 0.2674050640625 0.40295358593749997 0.2674050640625 0.40506329062499996 0.276898734375 0.40506329062499996
2 0.2294303796875 0.430379746875 0.24841772187500002 0.438818565625 0.25474683593749997 0.438818565625 0.25474683593749997 0.44092827031250004 0.265822784375 0.44092827031250004 0.265822784375 0.438818565625 0.2737341765625 0.438818565625 0.2737341765625 0.430379746875 0.27531645625 0.430379746875 0.27531645625 0.41772151874999996 0.276898734375 0.41772151874999996 0.276898734375 0.413502109375 0.27531645625 0.4113924046875 0.2721518984375 0.4092827 0.25 0.4113924046875 0.25 0.413502109375 0.24208860781250002 0.413502109375 0.21993670937499998 0.41772151874999996 0.21835442968750002 0.4198312234375 0.21835442968750002 0.4240506328125 0.22468354375000002 0.4282700421875 0.2294303796875 0.4282700421875 0.2294303796875 0.430379746875
2 0.2863924046875 0.413502109375 0.294303796875 0.413502109375 0.294303796875 0.4156118140625 0.3259493671875 0.421940928125 0.3259493671875 0.4240506328125 0.3370253171875 0.4240506328125 0.3401898734375 0.421940928125 0.344936709375 0.4092827 0.344936709375 0.40506329062499996 0.3433544296875 0.40295358593749997 0.30854430312500003 0.40084388125 0.294303796875 0.390295359375 0.2848101265625 0.390295359375 0.2848101265625 0.3924050640625 0.280063290625 0.3924050640625 0.2737341765625 0.3987341765625 0.2737341765625 0.40717299531249995 0.27531645625 0.4092827 0.2863924046875 0.4113924046875 0.2863924046875 0.413502109375
2 0.34177215156249996 0.40506329062499996 0.34968354375 0.40506329062499996 0.34968354375 0.40717299531249995 0.3528481015625 0.40717299531249995 0.3528481015625 0.40506329062499996 0.36075949375 0.40506329062499996 0.36075949375 0.40295358593749997 0.36550632968749996 0.40295358593749997 0.3670886078125 0.3987341765625 0.362341771875 0.3945147671875 0.3544303796875 0.390295359375 0.344936709375 0.390295359375 0.344936709375 0.3924050640625 0.3401898734375 0.3924050640625 0.3370253171875 0.3945147671875 0.333860759375 0.3987341765625 0.333860759375 0.40084388125 0.3370253171875 0.40295358593749997 0.34177215156249996 0.40295358593749997 0.34177215156249996 0.40506329062499996
2 0.3670886078125 0.4261603375 0.37025316406250003 0.4240506328125 0.373417721875 0.41772151874999996 0.373417721875 0.4113924046875 0.37183544375 0.4092827 0.36550632968749996 0.40506329062499996 0.348101265625 0.40506329062499996 0.34177215156249996 0.4113924046875 0.34177215156249996 0.4240506328125 0.348101265625 0.430379746875 0.3560126578125 0.430379746875 0.3560126578125 0.4282700421875 0.362341771875 0.4282700421875 0.362341771875 0.4261603375 0.3670886078125 0.4261603375
2 0.4715189875 0.4493670890625 0.4715189875 0.4451476796875 0.46993670937500004 0.44303797500000003 0.458860759375 0.44303797500000003 0.458860759375 0.44092827031250004 0.41930379687499997 0.44092827031250004 0.41772151874999996 0.44303797500000003 0.41772151874999996 0.447257384375 0.4224683546875 0.45569620312500003 0.43196202499999997 0.46202531718750006 0.441455696875 0.46624472499999997 0.458860759375 0.46624472499999997 0.4715189875 0.4493670890625
2 0.40822784843750004 0.478902953125 0.416139240625 0.478902953125 0.416139240625 0.4767932484375 0.427215190625 0.4767932484375 0.430379746875 0.47257383906249995 0.430379746875 0.46202531718750006 0.427215190625 0.4578059078125 0.41772151874999996 0.45358649843750004 0.40031645625 0.4493670890625 0.38607595 0.4493670890625 0.38132911406250003 0.45358649843750004 0.38132911406250003 0.4599156125 0.387658228125 0.47257383906249995 0.390822784375 0.47468354375 0.3971518984375 0.47468354375 0.3971518984375 0.4767932484375 0.40822784843750004 0.4767932484375 0.40822784843750004 0.478902953125
2 0.4525316453125 0.5 0.46202531718750006 0.5 0.46202531718750006 0.4978902953125 0.46835442968749996 0.4978902953125 0.4778481015625 0.49156118125 0.4778481015625 0.487341771875 0.473101265625 0.478902953125 0.4604430375 0.47046413437499995 0.45411392343749996 0.47046413437499995 0.45411392343749996 0.46835442968749996 0.4493670890625 0.46835442968749996 0.4493670890625 0.47046413437499995 0.44303797500000003 0.47046413437499995 0.43987341718749995 0.47468354375 0.43987341718749995 0.49156118125 0.447784809375 0.4978902953125 0.4525316453125 0.4978902953125 0.4525316453125 0.5
2 0.5205696203125 0.5421940921874999 0.5379746828124999 0.5527426156249999 0.556962025 0.5675105484375 0.5648734171875 0.5675105484375 0.5648734171875 0.569620253125 0.57120253125 0.569620253125 0.5743670890625 0.56540084375 0.5775316453125 0.556962025 0.5775316453125 0.5506329109375 0.5648734171875 0.535864978125 0.5585443031249999 0.5316455703125 0.55379746875 0.5316455703125 0.55379746875 0.529535865625 0.5458860765625 0.52531645625 0.5221518984375 0.52531645625 0.5221518984375 0.5274261609375 0.5174050640625001 0.5274261609375 0.5174050640625001 0.5316455703125 0.5189873421875 0.5316455703125 0.5189873421875 0.5400843875 0.5205696203125 0.5421940921874999
2 0.59968354375 0.5316455703125 0.59968354375 0.5274261609375 0.5965189875 0.5232067515625001 0.583860759375 0.5147679328125 0.5791139234375 0.5147679328125 0.5743670890625 0.5189873421875 0.572784809375 0.5274261609375 0.5775316453125 0.535864978125 0.580696203125 0.5379746828124999 0.5886075953125001 0.5379746828124999 0.5886075953125001 0.535864978125 0.594936709375 0.535864978125 0.59968354375 0.5316455703125