1 0.3042843234375 0 0.3101265828125 0.014240506250000002 0.37552742656250004 0.1155063296875 0.4156118140625 0.21835442968750002 0.4324894515625 0.2436708859375 0.4493670890625 0.234177215625 0.45358649843750004 0.22151898750000001 0.3586497890625 0.0743670890625 0.3314304625 0 0.3042843234375 0
1 0.4367088609375 0.2737341765625 0.4599156125 0.330696203125 0.5738396625 0.5490506328125 0.578059071875 0.5205696203125 0.529535865625 0.3829113921875 0.5 0.3132911390625 0.46413502187500005 0.2579113921875 0.4367088609375 0.2737341765625
1 0.6983122359375 0.3275316453125 0.660337553125 0.4224683546875 0.6540084390625001 0.444620253125 0.6644051859375 0.4492987890625 0.6835443031249999 0.427215190625 0.6983122359375 0.3955696203125 0.7637130796875 0.16613924062500002 0.7109704640625 0.25632911406250003 0.6983122359375 0.3275316453125
1 0.5379746828124999 0.8797468359374999 0.5886075953125001 0.8797468359374999 0.6308016875 0.73575949375 0.67299578125 0.4905063296875 0.6329113921875 0.5363924046874999 0.6160337546875 0.6186708859375 0.6118143453125 0.6898734171875 0.58227848125 0.7784810125 0.5548523203125 0.819620253125 0.5379746828124999 0.875 0.5379746828124999 0.8797468359374999
1 0.9428484812500001 1 0.9324894515625 0.7405063296875001 0.9113924046875 0.6455696203125 0.8966244718749999 0.46202531718750006 0.873417721875 0.5079113921875 0.873417721875 0.57120253125 0.9092827 0.8783908234375 0.9153740484374999 1 0.9428484812500001 1
0 0.056962025000000006 0.22151898750000001 0.0548523203125 0.2579113921875 0.109704640625 0.4509493671875 0.118143459375 0.45569620312500003 0.11181434531250001 0.359177215625 0.0886075953125 0.25316455625 0.0759493671875 0.2294303796875 0.056962025000000006 0.22151898750000001
0 0.012658228125 0.2863924046875 0.0147679328125 0.30379746875 0.21308016875 0.751582278125 0.261603375 0.8924050640625 0.2784810125 0.919303796875 0.2974683546875 0.9208860765625 0.17299578124999998 0.6170886078125 0.1286919828125 0.5332278484375 0.06540084375 0.36550632968749996 0.012658228125 0.2863924046875
0 0.192091621875 1 0.1983122359375 0.7278481015625 0.191983121875 0.7167721515625 0.1814345984375 0.7167721515625 0.1624472578125 0.7325949359374999 0.168776371875 0.9509493671874999 0.163005709375 1 0.192091621875 1
1 0.36075949375 0.7325949359374999 0.3628691984375 0.7436708859375 0.3691983125 0.7436708859375 0.396624471875 0.7009493671875 0.430379746875 0.598101265625 0.5168776375 0.447784809375 0.4978902953125 0.40506329062499996 0.46202531718750006 0.45727848125000004 0.4092827 0.6170886078125 0.390295359375 0.6471518984375 0.3839662453125 0.6898734171875 0.36075949375 0.7325949359374999
0 0.496483825 0 0.4978902953125 0.00316455625 0.5105485234375 0.0221518984375 0.5168776375 0.0395569625 0.529535865625 0.055379746875000004 0.535864978125 0.0743670890625 0.544303796875 0.08386075937500001 0.556962025 0.125 0.5632911390625 0.126582278125 0.5675105484375 0.12183544375 0.5675105484375 0.109177215625 0.5632911390625 0.09335442968749999 0.5527426156249999 0.0743670890625 0.5527426156249999 0.068037975 0.5464135015625 0.0632911390625 0.5400843875 0.044303796875 0.52531645625 0.0237341765625 0.51532311875 0 0.496483825 0
0 0.58227848125 0.193037975 0.58227848125 0.1993670890625 0.586497890625 0.20253164531249998 0.586497890625 0.20886075937499998 0.5886075953125001 0.20886075937499998 0.5928270046875 0.22151898750000001 0.6202531640625 0.25949367031250004 0.6244725734375 0.262658228125 0.6286919828124999 0.262658228125 0.6308016875 0.251582278125 0.6075949359374999 0.21993670937499998 0.6033755281250001 0.21835442968750002 0.6033755281250001 0.2136075953125 0.594936709375 0.20253164531249998 0.5886075953125001 0.17088607656250002 0.5907173 0.1629746828125 0.5928270046875 0.1629746828125 0.5907173 0.1598101265625 0.5759493671875 0.169303796875 0.5759493671875 0.181962025 0.5801687765625 0.193037975 0.58227848125 0.193037975
0 0.495780590625 0.237341771875 0.5126582281250001 0.262658228125 0.5189873421875 0.2705696203125 0.529535865625 0.2784810125 0.5464135015625 0.30696202499999997 0.5548523203125 0.30854430312500003 0.556962025 0.30696202499999997 0.556962025 0.3006329109375 0.5548523203125 0.3006329109375 0.5548523203125 0.2958860765625 0.544303796875 0.2816455703125 0.5421940921874999 0.2816455703125 0.5421940921874999 0.276898734375 0.5379746828124999 0.2705696203125 0.535864978125 0.2705696203125 0.5337552750000001 0.25316455625 0.5232067515625001 0.24841772187500002 0.5168776375 0.23892405 0.5147679328125 0.23892405 0.5147679328125 0.234177215625 0.5126582281250001 0.234177215625 0.5126582281250001 0.2294303796875 0.50843881875 0.223101265625 0.504219409375 0.22151898750000001 0.495780590625 0.22784810156250002 0.495780590625 0.237341771875
0 0.5126582281250001 0.24208860781250002 0.5168776375 0.25 0.5189873421875 0.251582278125 0.5274261609375 0.251582278125 0.5400843875 0.2436708859375 0.5801687765625 0.2104430375 0.5843881859375 0.20569620312499998 0.5843881859375 0.193037975 0.58227848125 0.193037975 0.5801687765625 0.183544303125 0.5738396625 0.183544303125 0.569620253125 0.1867088609375 0.544303796875 0.2120253171875 0.5126582281250001 0.23575949375 0.5126582281250001 0.24208860781250002
0 0.46624472499999997 0.26424050625 0.46624472499999997 0.2705696203125 0.47046413437499995 0.276898734375 0.47468354375 0.280063290625 0.4852320671875 0.280063290625 0.4894514765625 0.2784810125 0.50843881875 0.26424050625 0.50843881875 0.25949367031250004 0.5105485234375 0.25949367031250004 0.5105485234375 0.251582278125 0.50843881875 0.251582278125 0.50843881875 0.24683544375 0.5 0.2405063296875 0.495780590625 0.2405063296875 0.495780590625 0.24208860781250002 0.4894514765625 0.24208860781250002 0.478902953125 0.25 0.46624472499999997 0.25632911406250003 0.46413502187500005 0.25949367031250004 0.46413502187500005 0.26424050625 0.46624472499999997 0.26424050625