2 0.6989436625 0.6737089203125 0.7781690140624999 0.7065727703125 0.8116197187499999 0.7253521125 0.8397887328125 0.7276995312500001 0.8397887328125 0.7183098593749999 0.832746478125 0.7089201875 0.7429577468749999 0.66197183125 0.720070421875 0.6596244125 0.7042253515625 0.652582159375 0.693661971875 0.654929578125 0.6901408453125 0.6596244125 0.6901408453125 0.6643192484375 0.6989436625 0.6737089203125
2 0.875 0.7652582156250001 0.8785211265624999 0.7699530515624999 0.8855633796875001 0.7699530515624999 0.8855633796875001 0.7723004687499999 0.9049295781250001 0.784037559375 0.9102112671875 0.784037559375 0.9102112671875 0.7863849765625 0.9190140843749999 0.7863849765625 0.9190140843749999 0.7887323937499999 0.9383802812500001 0.7887323937499999 0.9383802812500001 0.7816901406250001 0.931338028125 0.7723004687499999 0.9207746484375001 0.7652582156250001 0.9137323937499999 0.7652582156250001 0.9137323937499999 0.7629107984375 0.875 0.7605633796875 0.875 0.7652582156250001
2 1 0.7832550875 0.9982394359375 0.7816901406250001 0.9911971828125001 0.7816901406250001 0.9911971828125001 0.7793427234375 0.9683098593749999 0.7652582156250001 0.96302816875 0.7652582156250001 0.96302816875 0.7629107984375 0.9542253515624999 0.7629107984375 0.950704225 0.767605634375 0.9542253515624999 0.7769953046875 0.9700704218749999 0.7887323937499999 0.9753521125000001 0.7887323937499999 0.9753521125000001 0.7910798125 0.982394365625 0.7910798125 0.982394365625 0.7934272296875 0.9911971828125001 0.7934272296875 0.9911971828125001 0.7957746484375 0.9982394359375 0.7957746484375 0.9982394359375 0.7934272296875 1 0.7934272296875 1 0.7832550875
2 0.7816901406250001 0.7112676062500001 0.7605633796875 0.7112676062500001 0.7588028171875 0.7136150234375 0.7588028171875 0.7183098593749999 0.76232394375 0.7276995312500001 0.76232394375 0.732394365625 0.7482394359375 0.732394365625 0.7482394359375 0.7394366203125 0.7552816906250001 0.7441314546875 0.76232394375 0.7441314546875 0.76232394375 0.7464788734375001 0.8028169015625 0.7441314546875 0.8028169015625 0.7347417843749999 0.8010563375 0.7347417843749999 0.8010563375 0.7230046953125 0.7975352109375 0.7183098593749999 0.7904929578125001 0.7136150234375 0.7816901406250001 0.7136150234375 0.7816901406250001 0.7112676062500001
2 0.669014084375 0.59859155 0.6584507046875 0.6009389671875 0.6602112671875 0.6103286390625 0.681338028125 0.62910798125 0.6971830984375 0.6338028171875 0.6971830984375 0.636150234375 0.7464788734375001 0.6596244125 0.7535211265624999 0.6596244125 0.7535211265624999 0.66197183125 0.7728873234375 0.6666666671875 0.7746478875 0.6572769953125001 0.7588028171875 0.64553990625 0.6954225359375 0.6103286390625 0.6901408453125 0.6103286390625 0.6901408453125 0.6079812203125 0.6848591546875 0.6079812203125 0.6848591546875 0.605633803125 0.6795774640625 0.605633803125 0.669014084375 0.59859155
2 0.6725352109375 0.6338028171875 0.6602112671875 0.622065728125 0.6320422531250001 0.605633803125 0.6214788734375001 0.605633803125 0.6214788734375001 0.6079812203125 0.6144366203125 0.6079812203125 0.607394365625 0.61267605625 0.607394365625 0.6197183093749999 0.6109154921875 0.6267605640625 0.6232394359375 0.6431924875 0.6302816906250001 0.6478873234375 0.6390845078125 0.6478873234375 0.6390845078125 0.6502347421875 0.6478873234375 0.652582159375 0.6478873234375 0.654929578125 0.6707746484375 0.654929578125 0.6707746484375 0.652582159375 0.681338028125 0.652582159375 0.6830985921875 0.6502347421875 0.6830985921875 0.6478873234375 0.6725352109375 0.6338028171875
2 0.6778169015625 0.6877934265625 0.674295775 0.6830985921875 0.6566901406250001 0.671361503125 0.6496478875 0.671361503125 0.6496478875 0.669014084375 0.6390845078125 0.669014084375 0.6390845078125 0.6666666671875 0.6197183093749999 0.6643192484375 0.6109154921875 0.6643192484375 0.607394365625 0.6666666671875 0.607394365625 0.671361503125 0.6144366203125 0.6760563375 0.6197183093749999 0.6830985921875 0.6302816906250001 0.6877934265625 0.6478873234375 0.6901408453125 0.6478873234375 0.6924882625000001 0.6531690140624999 0.6924882625000001 0.6531690140624999 0.6948356812500001 0.6602112671875 0.6948356812500001 0.6602112671875 0.6971830984375 0.674295775 0.6971830984375 0.674295775 0.6948356812500001 0.6795774640625 0.6948356812500001 0.6778169015625 0.6877934265625
2 0.56161971875 0.6079812203125 0.56161971875 0.605633803125 0.5528169015625 0.605633803125 0.5528169015625 0.6079812203125 0.5140845078125 0.605633803125 0.5140845078125 0.6150234734375 0.529929578125 0.636150234375 0.5528169015625 0.652582159375 0.5651408453125 0.654929578125 0.5651408453125 0.6572769953125001 0.5739436625 0.6572769953125001 0.5739436625 0.6596244125 0.5933098593749999 0.6596244125 0.5933098593749999 0.6572769953125001 0.5915492953125 0.6572769953125001 0.5915492953125 0.636150234375 0.5862676062500001 0.622065728125 0.580985915625 0.6150234734375 0.5669014078125 0.6079812203125 0.56161971875 0.6079812203125
2 0.5845070421874999 0.57981220625 0.5845070421874999 0.5774647890625 0.575704225 0.5774647890625 0.575704225 0.57981220625 0.56161971875 0.57981220625 0.56161971875 0.589201878125 0.568661971875 0.59624413125 0.5739436625 0.59624413125 0.5739436625 0.59859155 0.5897887328125 0.59859155 0.5897887328125 0.59624413125 0.5968309859375001 0.59624413125 0.6003521125 0.5938967140625 0.6003521125 0.5915492953125 0.595070421875 0.582159625 0.5915492953125 0.57981220625 0.5845070421874999 0.57981220625
2 0.5140845078125 0.5586854453125001 0.5140845078125 0.556338028125 0.5035211265624999 0.556338028125 0.5 0.5586854453125001 0.49823943593750003 0.5680751171875 0.5017605640625 0.5774647890625 0.5035211265624999 0.5774647890625 0.5035211265624999 0.589201878125 0.5070422531250001 0.5915492953125 0.5158450703125 0.5915492953125 0.5158450703125 0.5938967140625 0.53697183125 0.59859155 0.5510563375 0.59859155 0.5510563375 0.5845070421874999 0.544014084375 0.572769953125 0.5387323937499999 0.572769953125 0.5387323937499999 0.5704225359375 0.5281690140624999 0.5680751171875 0.5281690140624999 0.5657277 0.519366196875 0.5586854453125001 0.5140845078125 0.5586854453125001
2 0.443661971875 0.492957746875 0.45246478906250004 0.5023474171875 0.47711267656249995 0.5046948359375001 0.482394365625 0.5117370890624999 0.482394365625 0.5234741781250001 0.4894366203125 0.5375586859375 0.5035211265624999 0.542253521875 0.5088028171875 0.5305164312499999 0.5070422531250001 0.5211267609375 0.431338028125 0.42253521093749996 0.41373239375 0.40140845 0.40492957812499997 0.396713615625 0.41197183125 0.42253521093749996 0.431338028125 0.460093896875 0.43838028125 0.46713614999999997 0.443661971875 0.492957746875
2 0.3415492953125 0.490610328125 0.3415492953125 0.5046948359375001 0.3503521125 0.516431925 0.3609154921875 0.5187793421875 0.3855633796875 0.5375586859375 0.443661971875 0.56338028125 0.46830985937499997 0.56338028125 0.4718309859375 0.5539906109375 0.45070422499999996 0.5281690140624999 0.42957746406249997 0.5140845078125 0.41373239375 0.5070422531250001 0.40140845 0.5070422531250001 0.3961267609375 0.5117370890624999 0.3855633796875 0.509389671875 0.3538732390625 0.4882629109375 0.3415492953125 0.490610328125
2 0.3397887328125 0.45305164375 0.3345070421875 0.45305164375 0.3345070421875 0.4718309859375 0.33274647812499997 0.4718309859375 0.33274647812499997 0.4812206578125 0.3345070421875 0.48591549218749996 0.3397887328125 0.490610328125 0.35563380312500004 0.490610328125 0.35563380312500004 0.492957746875 0.369718309375 0.49530516406249997 0.37323943593750003 0.490610328125 0.37323943593750003 0.48591549218749996 0.369718309375 0.4812206578125 0.35563380312500004 0.4718309859375 0.3503521125 0.4718309859375 0.3503521125 0.46948356875 0.3397887328125 0.45305164375
2 0.1848591546875 0.42253521093749996 0.1725352109375 0.41549295781250006 0.1654929578125 0.41784037500000004 0.16373239374999998 0.427230046875 0.1848591546875 0.4460093890625 0.22359155 0.460093896875 0.26584507031250004 0.4882629109375 0.28873239375000004 0.490610328125 0.31514084531250003 0.509389671875 0.3292253515625 0.5046948359375001 0.3292253515625 0.4882629109375 0.318661971875 0.474178403125 0.299295775 0.460093896875 0.257042253125 0.45070422499999996 0.2411971828125 0.43661971875 0.22887323906249998 0.43192488281249997 0.1848591546875 0.42253521093749996
2 0.3028169015625 0.36384976562500004 0.299295775 0.3568075125 0.294014084375 0.3568075125 0.28873239375000004 0.3685446015625 0.28873239375000004 0.377934271875 0.28697183125 0.377934271875 0.28697183125 0.396713615625 0.281690140625 0.396713615625 0.2781690140625 0.3990610328125 0.2781690140625 0.40375586874999997 0.279929578125 0.40375586874999997 0.279929578125 0.410798121875 0.281690140625 0.41549295781250006 0.2904929578125 0.4248826296875 0.30457746406249997 0.427230046875 0.31338028125 0.42018779375 0.31338028125 0.413145540625 0.31161971875 0.413145540625 0.31161971875 0.40375586874999997 0.30985915468749997 0.40375586874999997 0.30985915468749997 0.396713615625 0.30457746406249997 0.3849765265625 0.3028169015625 0.3849765265625 0.3028169015625 0.36384976562500004
2 0.205985915625 0.361502346875 0.20246478906249998 0.35915492968749996 0.1954225359375 0.35915492968749996 0.1901408453125 0.3661971828125 0.1919014078125 0.37558685468749997 0.21302816875000002 0.39436619687499996 0.230633803125 0.42018779375 0.23767605625 0.42018779375 0.23767605625 0.42253521093749996 0.255281690625 0.43427230000000006 0.2605633796875 0.43427230000000006 0.26232394375 0.43192488281249997 0.26232394375 0.42253521093749996 0.2605633796875 0.42018779375 0.2218309859375 0.38262910781250004 0.21126760625 0.37089201875 0.205985915625 0.361502346875
2 0.13732394375 0.267605634375 0.1338028171875 0.267605634375 0.1285211265625 0.281690140625 0.1285211265625 0.2910798125 0.130281690625 0.2957746484375 0.1338028171875 0.30046948281249997 0.1408450703125 0.30516431875 0.1496478875 0.32159624375 0.1602112671875 0.3356807515625 0.1654929578125 0.34037558749999997 0.1707746484375 0.34037558749999997 0.1654929578125 0.3122065734375 0.156690140625 0.30046948281249997 0.15140845 0.28873239375000004 0.1496478875 0.28873239375000004 0.1496478875 0.2793427234375 0.142605634375 0.2699530515625 0.13732394375 0.2699530515625 0.13732394375 0.267605634375
2 0.0334507046875 0.2629107984375 0.0334507046875 0.26525821562499996 0.0352112671875 0.26525821562499996 0.0352112671875 0.27230046875 0.044014084375 0.281690140625 0.082746478125 0.30046948281249997 0.0968309859375 0.30046948281249997 0.0968309859375 0.3028169015625 0.11443662031249999 0.30046948281249997 0.11443662031249999 0.28873239375000004 0.1091549296875 0.2746478875 0.1021126765625 0.26525821562499996 0.093309859375 0.2629107984375 0.093309859375 0.2605633796875 0.05105633750000001 0.2605633796875 0.0334507046875 0.2629107984375
2 0.6725352109375 0.7957746484375 0.6725352109375 0.7910798125 0.6707746484375 0.7887323937499999 0.6584507046875 0.784037559375 0.6232394359375 0.784037559375 0.6232394359375 0.7863849765625 0.6179577468749999 0.7863849765625 0.6161971828125 0.7887323937499999 0.6161971828125 0.7910798125 0.6197183093749999 0.7957746484375 0.625 0.8004694828125001 0.6302816906250001 0.8004694828125001 0.6302816906250001 0.8028169015625 0.644366196875 0.8075117374999999 0.644366196875 0.8051643187499999 0.65140845 0.8051643187499999 0.65140845 0.8028169015625 0.6566901406250001 0.8028169015625 0.6566901406250001 0.8004694828125001 0.66197183125 0.8004694828125001 0.66197183125 0.798122065625 0.6707746484375 0.798122065625 0.6725352109375 0.7957746484375
2 0.5316901406250001 0.7394366203125 0.5316901406250001 0.7370892015625 0.5211267609375 0.7370892015625 0.5211267609375 0.7394366203125 0.5158450703125 0.7394366203125 0.5140845078125 0.7441314546875 0.5017605640625 0.7441314546875 0.5017605640625 0.7488262906250001 0.5052816906250001 0.7535211265624999 0.51232394375 0.7582159625 0.517605634375 0.7582159625 0.517605634375 0.7605633796875 0.53697183125 0.7605633796875 0.5387323937499999 0.7558685453125 0.5457746484375 0.7558685453125 0.549295775 0.7535211265624999 0.5528169015625 0.7488262906250001 0.5528169015625 0.7441314546875 0.5457746484375 0.7394366203125 0.5316901406250001 0.7394366203125