2 0.0973451328125 0.305647840625 0.10398230156249999 0.317275746875 0.12831858437500002 0.33056478437500003 0.1902654875 0.3322259140625 0.2787610625 0.3720930234375 0.30088495625 0.3654485046875 0.36946902656249997 0.37043189375 0.36725663750000004 0.355481728125 0.3362831859375 0.34717607968749997 0.298672565625 0.32059800625 0.1172566375 0.2973421921875 0.0973451328125 0.305647840625
2 0.0022123890625 0.2757475078125 0.004424778125 0.2823920265625 0.0752212390625 0.287375415625 0.1172566375 0.28405315625 0.1261061953125 0.2774086375 0.0685840703125 0.2707641203125 0.0022123890625 0.2757475078125
2 0.25884955781249996 0.3837209296875 0.27212389375 0.40697674375000004 0.349557521875 0.4219269109375 0.3318584078125 0.3953488375 0.28761061875 0.3820598 0.25884955781249996 0.3837209296875
2 0.378318584375 0.423588040625 0.3871681421875 0.4302325578125 0.3960176984375 0.4335548171875 0.4026548671875 0.4335548171875 0.4026548671875 0.435215946875 0.41150442500000006 0.435215946875 0.41150442500000006 0.4368770765625 0.42920353906250003 0.4368770765625 0.43141592968750003 0.435215946875 0.43141592968750003 0.4335548171875 0.42920353906250003 0.4335548171875 0.42920353906250003 0.42524916875 0.42699115 0.4219269109375 0.41371681406249994 0.4152823921875 0.3982300890625 0.410299003125 0.39159292031250004 0.410299003125 0.39159292031250004 0.40863787343749997 0.36725663750000004 0.40863787343749997 0.3650442484375 0.410299003125 0.3650442484375 0.4136212625 0.3761061953125 0.42026578125 0.378318584375 0.423588040625
2 0.36061946875 0.38538205937500003 0.3650442484375 0.38870431875 0.36946902656249997 0.3903654484375 0.43141592968750003 0.3903654484375 0.43141592968750003 0.39202657812499997 0.44026548749999994 0.39202657812499997 0.44911504375 0.38870431875 0.44911504375 0.3820598 0.44026548749999994 0.3770764125 0.42035398281249997 0.3770764125 0.42035398281249997 0.3787375421875 0.3761061953125 0.3787375421875 0.3761061953125 0.380398671875 0.3650442484375 0.380398671875 0.36061946875 0.3820598 0.36061946875 0.38538205937500003
2 0.44026548749999994 0.42026578125 0.44469026562499997 0.42691029843750006 0.46902654843749997 0.4335548171875 0.5707964609375 0.44352159531249996 0.5840707968750001 0.446843853125 0.5973451328125 0.446843853125 0.6039823015625 0.44352159531249996 0.6039823015625 0.43853820624999995 0.5973451328125 0.4335548171875 0.5796460171875 0.42691029843750006 0.52212389375 0.41694352187500006 0.5022123890625 0.398671096875 0.49336283124999997 0.398671096875 0.4911504421875 0.40199335625000004 0.46238938125000006 0.41196013281250005 0.4469026546875 0.41196013281250005 0.44026548749999994 0.42026578125
2 0.4469026546875 0.4501661125 0.451327434375 0.45348837187499996 0.46460177031249994 0.460132890625 0.4712389375 0.460132890625 0.4712389375 0.46179402031250005 0.484513275 0.4651162796875 0.4911504421875 0.4651162796875 0.4911504421875 0.466777409375 0.504424778125 0.466777409375 0.504424778125 0.43853820624999995 0.5 0.435215946875 0.466814159375 0.435215946875 0.4535398234375 0.44186046562500003 0.4469026546875 0.446843853125 0.4469026546875 0.4501661125
2 0.5176991156249999 0.47176079687500005 0.5199115046875 0.4767441859375 0.5619469031250001 0.4950166109375 0.606194690625 0.503322259375 0.6172566374999999 0.503322259375 0.628318584375 0.51162790625 0.6393805312499999 0.51162790625 0.6349557515625001 0.49335548124999995 0.606194690625 0.481727575 0.5907079640624999 0.4800664453125 0.5907079640624999 0.478405315625 0.5663716812499999 0.4700996671875 0.5575221234375001 0.4700996671875 0.5575221234375001 0.4684385375 0.526548671875 0.4684385375 0.5176991156249999 0.47176079687500005
2 0.7323008843750001 0.6079734218749999 0.776548671875 0.6495016609375 0.7809734515625 0.6528239203124999 0.8119469031250001 0.65448505 0.8274336281249999 0.6677740859375 0.849557521875 0.6744186046875 0.8783185843749999 0.6960132890625 0.8915929203124999 0.6976744187499999 0.8849557515625 0.6744186046875 0.8650442484375 0.657807309375 0.8207964609375 0.632890365625 0.7920353984374999 0.6229235875 0.7323008843750001 0.5847176078125 0.7146017703124999 0.576411959375 0.7035398234375 0.576411959375 0.6494203546875 0.5640282390625 0.7323008843750001 0.6079734218749999
2 0.628318584375 0.5232558140625 0.6327433625000001 0.5265780734375001 0.701327434375 0.554817275 0.7256637171875 0.554817275 0.7256637171875 0.5514950171875 0.7168141593749999 0.546511628125 0.69911504375 0.546511628125 0.6858407078125001 0.5415282390625 0.67699115 0.5365448500000001 0.6703539828125 0.528239203125 0.6570796453125001 0.521594684375 0.650442478125 0.521594684375 0.650442478125 0.5199335546875 0.6305309734375 0.5199335546875 0.628318584375 0.5232558140625
2 0.9137168140625 0.7109634546875 0.9269911499999999 0.7209302328125 0.93362831875 0.7242524921875 0.9535398234375 0.7242524921875 0.9535398234375 0.7209302328125 0.9380530968749999 0.709302325 0.93362831875 0.7076411953124999 0.9137168140625 0.7076411953124999 0.9137168140625 0.7109634546875
2 1 0.81654485 0.982300884375 0.7857142859375 0.9424778765624999 0.769102990625 0.8584070796875001 0.6910299 0.8230088500000001 0.6860465109375 0.8429203546874999 0.7109634546875 0.8960176984375 0.7425249171875 0.9070796453125001 0.7857142859375 0.93362831875 0.812292359375 0.9380530968749999 0.827242525 0.944690265625 0.8289036546874999 0.9579646015625001 0.82059800625 0.9756637171874999 0.8255813953125 1 0.855730896875 1 0.81654485
2 0.9889380531249999 1 0.9889380531249999 0.916943521875 0.9712389375000001 0.8870431890624999 0.9690265484375 0.8538205984375 0.9601769906250001 0.8438538203125001 0.94911504375 0.8438538203125001 0.9557522125 0.9219269109375 0.9601769906250001 0.9285714281249999 0.9690265484375 0.990033221875 0.9747155515625 1 0.9889380531249999 1
2 0.6172566374999999 0.42026578125 0.6238938046875 0.423588040625 0.6526548671875 0.4318936875 0.6858407078125001 0.4302325578125 0.6858407078125001 0.428571428125 0.7101769906250001 0.423588040625 0.7101769906250001 0.4219269109375 0.75 0.4152823921875 0.7654867249999999 0.40697674375000004 0.7654867249999999 0.40199335625000004 0.7367256640625001 0.4003322265625 0.7367256640625001 0.40199335625000004 0.723451328125 0.40365448437499996 0.723451328125 0.4053156140625 0.7168141593749999 0.4053156140625 0.7168141593749999 0.40697674375000004 0.7101769906250001 0.40697674375000004 0.7101769906250001 0.40863787343749997 0.6615044250000001 0.410299003125 0.6615044250000001 0.41196013281250005 0.650442478125 0.4136212625 0.6172566374999999 0.41694352187500006 0.6172566374999999 0.42026578125
2 0.5287610625 0.0564784046875 0.5309734515625 0.08970099687500001 0.5353982296875001 0.0913621265625 0.5398230093749999 0.0880398671875 0.5442477875 0.0813953484375 0.5442477875 0.076411959375 0.5464601765625 0.076411959375 0.5575221234375001 0.021594684375 0.5597345125000001 0.021594684375 0.5619469031250001 0.009966778125 0.5641592921874999 0.009966778125 0.5641592921874999 0.003322259375 0.5619469031250001 0.0016611296875 0.5530973453125 0.0016611296875 0.548672565625 0.0049833890625 0.5464601765625 0.0166112953125 0.5442477875 0.0166112953125 0.5420353984374999 0.0382059796875 0.5398230093749999 0.0382059796875 0.5331858406250001 0.046511628124999996 0.5309734515625 0.0564784046875 0.5287610625 0.0564784046875