2 0.3416666671875 0.7125 0.3479166671875 0.659375 0.3375 0.6609375 0.33125 0.6703125 0.30416666718749996 0.746875 0.28958333281250004 0.765625 0.28125 0.821875 0.3104166671875 0.7984375 0.3104166671875 0.7671875 0.3416666671875 0.7125
2 0.40625 0.6421875 0.38125 0.6609375 0.35 0.7171875 0.3395833328125 0.746875 0.35208333281250004 0.7421875 0.3625 0.7265625 0.40625 0.6421875
2 0.23541666718749998 0.85625 0.23333333281250002 0.8734375 0.2416666671875 0.878125 0.2541666671875 0.8453125 0.23541666718749998 0.85625
2 0.2645833328125 0.86875 0.2625 0.8828125 0.26875 0.8859375 0.2854166671875 0.8578125 0.2645833328125 0.86875
2 0.24748333281249998 0.886753125 0.2270833328125 0.93125 0.23333333281250002 0.9328125 0.2623041671875 0.902959375 0.24748333281249998 0.886753125
2 0.2979166671875 0.7265625 0.2770833328125 0.734375 0.26875 0.7453125 0.2666666671875 0.7703125 0.2833333328125 0.784375 0.3020833328125 0.7515625 0.2979166671875 0.7265625
2 0.33541666718749996 0.5953125 0.3229166671875 0.6140625 0.31875 0.6546875 0.3416666671875 0.6296875 0.3479166671875 0.5953125 0.33541666718749996 0.5953125
2 0.3916666671875 0.6390625 0.39791666718749996 0.6125 0.3895833328125 0.5859375 0.375 0.590625 0.3625 0.6078125 0.35208333281250004 0.63125 0.3541666671875 0.65 0.38125 0.65 0.3916666671875 0.6390625
2 0.3645833328125 0.5484375 0.3645833328125 0.553125 0.36666666718749996 0.553125 0.36666666718749996 0.5609375 0.36875 0.5609375 0.36875 0.5671875 0.3729166671875 0.56875 0.38333333281250004 0.5640625 0.39791666718749996 0.553125 0.4 0.55 0.4 0.540625 0.3958333328125 0.5265625 0.3916666671875 0.5265625 0.3875 0.5296875 0.3770833328125 0.5234375 0.375 0.5234375 0.3708333328125 0.525 0.3645833328125 0.5359375 0.3645833328125 0.540625 0.3625 0.540625 0.3625 0.5484375 0.3645833328125 0.5484375
2 0.41875 0.5765625 0.42291666718750004 0.5703125 0.42291666718750004 0.5625 0.4166666671875 0.5625 0.4125 0.565625 0.40833333281249995 0.5703125 0.40833333281249995 0.5765625 0.4145833328125 0.578125 0.41875 0.5765625
2 0.39375 0.5421875 0.39375 0.5484375 0.3958333328125 0.5484375 0.3958333328125 0.553125 0.40416666718750005 0.5625 0.40833333281249995 0.565625 0.4125 0.565625 0.41875 0.5625 0.43333333281249997 0.5390625 0.43333333281249997 0.525 0.43541666718750005 0.525 0.43541666718750005 0.5203125 0.4375 0.5203125 0.44375 0.5109375 0.44375 0.5078125 0.43958333281249995 0.5015625 0.43333333281249997 0.4984375 0.43333333281249997 0.5 0.4125 0.503125 0.40416666718750005 0.509375 0.39375 0.5234375 0.39375 0.5296875 0.3916666671875 0.5296875 0.3916666671875 0.5421875 0.39375 0.5421875
2 0.53125 0.4640625 0.5854166671875001 0.4328125 0.6208333328125 0.41875 0.625 0.40625 0.6208333328125 0.4046875 0.59375 0.4109375 0.5291666671875 0.4390625 0.5125 0.440625 0.4916666671875 0.4609375 0.48541666718750004 0.4734375 0.47083333281249995 0.4765625 0.45416666718750004 0.4921875 0.45208333281249996 0.5109375 0.45625 0.515625 0.46458333281249997 0.515625 0.53125 0.4640625
2 0.5333333328125 0.353125 0.56875 0.34375 0.6145833328125 0.3109375 0.6625 0.3109375 0.69375 0.3 0.6791666671875001 0.2859375 0.61751875 0.2697546875 0.5520895828125 0.312384375 0.6520833328125 0.2125 0.6979166671875 0.184375 0.7 0.16875 0.6833333328125 0.171875 0.6541666671875 0.190625 0.5593104171875 0.269078125 0.5770833328125 0.2239578125 0.5770833328125 0.215625 0.6041666671875 0.1640625 0.5854166671875001 0.1625 0.5354166671875 0.253125 0.51875 0.2703125 0.48125 0.36875 0.43333333281249997 0.453125 0.43125 0.4640625 0.47083333281249995 0.4390625 0.4875 0.40625 0.5333333328125 0.353125
2 0.6770833328125 0.140625 0.6770833328125 0.1453125 0.675 0.1453125 0.675 0.15 0.6729166671875 0.15 0.6729166671875 0.1625 0.675 0.1625 0.675 0.1609375 0.68125 0.1609375 0.70625 0.14375 0.70625 0.1390625 0.7083333328125 0.1390625 0.7125 0.0828125 0.70625 0.0828125 0.6895833328125 0.0984375 0.68125 0.1203125 0.68125 0.134375 0.6791666671875001 0.134375 0.6791666671875001 0.140625 0.6770833328125 0.140625
2 0.275 0.5359375 0.2770833328125 0.5359375 0.2770833328125 0.546875 0.2791666671875 0.5484375 0.2833333328125 0.5484375 0.2833333328125 0.54375 0.2854166671875 0.54375 0.28958333281250004 0.5296875 0.28958333281250004 0.521875 0.2916666671875 0.521875 0.2916666671875 0.5125 0.28958333281250004 0.5125 0.28958333281250004 0.4984375 0.2833333328125 0.4984375 0.2770833328125 0.5046875 0.27291666718749996 0.5140625 0.27291666718749996 0.5296875 0.275 0.5296875 0.275 0.5359375
2 0.23541666718749998 0.63125 0.24375 0.6359375 0.23541666718749998 0.64375 0.2375 0.64375 0.24583333281250003 0.6359375 0.25 0.6234375 0.2479166671875 0.596875 0.2416666671875 0.596875 0.23541666718749998 0.6078125 0.23541666718749998 0.6125 0.23333333281250002 0.6125 0.23333333281250002 0.63125 0.23541666718749998 0.63125