2 0.33125 0.8765625 0.3166666671875 0.8828125 0.2979166671875 0.9109375 0.29375 0.94375 0.30625 0.94375 0.3333333328125 0.8984375 0.33125 0.8765625
2 0.2979166671875 0.8734375 0.30416666718749996 0.8734375 0.3104166671875 0.8703125 0.3166666671875 0.8625 0.325 0.8578125 0.3291666671875 0.853125 0.3291666671875 0.8421875 0.33125 0.8421875 0.33125 0.8359375 0.3291666671875 0.8359375 0.3291666671875 0.8296875 0.3270833328125 0.8265625 0.32083333281250004 0.8265625 0.3125 0.8328125 0.2979166671875 0.853125 0.2979166671875 0.859375 0.2958333328125 0.859375 0.2958333328125 0.8703125 0.2979166671875 0.8734375
2 0.375 0.809375 0.3770833328125 0.8109375 0.38125 0.8109375 0.38125 0.809375 0.3875 0.809375 0.3958333328125 0.803125 0.39791666718749996 0.8 0.39791666718749996 0.7921875 0.4 0.7921875 0.40625 0.784375 0.4125 0.775 0.4125 0.7703125 0.40833333281249995 0.7703125 0.3958333328125 0.7796875 0.3875 0.7828125 0.3770833328125 0.790625 0.375 0.79375 0.375 0.7984375 0.3729166671875 0.7984375 0.3729166671875 0.80625 0.375 0.809375
2 0.3854166671875 0.7796875 0.39375 0.771875 0.39791666718749996 0.765625 0.39791666718749996 0.759375 0.4 0.759375 0.4 0.75625 0.39375 0.75625 0.38333333281250004 0.759375 0.36666666718749996 0.7671875 0.3583333328125 0.775 0.35208333281250004 0.7859375 0.35625 0.7890625 0.36875 0.7890625 0.3854166671875 0.7796875
2 0.44375 0.721875 0.45416666718750004 0.7125 0.4625 0.6953125 0.4625 0.6890625 0.48333333281249996 0.6703125 0.4916666671875 0.659375 0.4916666671875 0.6546875 0.49583333281249997 0.653125 0.5020833328125 0.6375 0.50625 0.6359375 0.5125 0.625 0.5125 0.6125 0.5041666671875 0.6125 0.4895833328125 0.6265625 0.43958333281249995 0.696875 0.43333333281249997 0.70625 0.43333333281249997 0.715625 0.43958333281249995 0.721875 0.44375 0.721875
2 0.3604166671875 0.75625 0.3604166671875 0.7609375 0.3645833328125 0.7671875 0.36666666718749996 0.7671875 0.3708333328125 0.7640625 0.38125 0.7484375 0.39375 0.7234375 0.39375 0.7171875 0.3895833328125 0.7171875 0.38333333281250004 0.7234375 0.36875 0.7296875 0.3625 0.7390625 0.3625 0.7453125 0.3604166671875 0.7453125 0.3604166671875 0.753125 0.3583333328125 0.753125 0.3583333328125 0.75625 0.3604166671875 0.75625
2 0.3583333328125 0.7296875 0.3708333328125 0.725 0.375 0.721875 0.38125 0.709375 0.38125 0.696875 0.36875 0.696875 0.35625 0.70625 0.35 0.7140625 0.34375 0.7234375 0.34375 0.7359375 0.35208333281250004 0.734375 0.3583333328125 0.7296875
2 0.3875 0.70625 0.3875 0.7125 0.3895833328125 0.715625 0.39375 0.715625 0.39791666718749996 0.7109375 0.39791666718749996 0.70625 0.4 0.70625 0.40833333281249995 0.6859375 0.40833333281249995 0.678125 0.41041666718750003 0.678125 0.41041666718750003 0.6703125 0.40833333281249995 0.66875 0.40416666718750005 0.66875 0.40208333281249997 0.6703125 0.3958333328125 0.6796875 0.3895833328125 0.6859375 0.3895833328125 0.690625 0.3875 0.690625 0.3875 0.696875 0.3854166671875 0.696875 0.3854166671875 0.70625 0.3875 0.70625
2 0.3854166671875 0.678125 0.3916666671875 0.678125 0.40208333281249997 0.6703125 0.40625 0.6640625 0.40625 0.653125 0.40416666718750005 0.653125 0.40416666718750005 0.64375 0.40208333281249997 0.640625 0.39375 0.634375 0.3895833328125 0.634375 0.3854166671875 0.6390625 0.3854166671875 0.64375 0.38333333281250004 0.64375 0.38333333281250004 0.6765625 0.3854166671875 0.678125
2 0.40625 0.6625 0.4145833328125 0.66875 0.41875 0.66875 0.425 0.6625 0.425 0.6578125 0.4270833328125 0.6578125 0.4270833328125 0.6484375 0.4291666671875 0.6484375 0.43333333281249997 0.628125 0.43333333281249997 0.621875 0.43125 0.61875 0.425 0.6171875 0.42083333281249996 0.6203125 0.42083333281249996 0.625 0.4166666671875 0.6265625 0.41041666718750003 0.6359375 0.40625 0.6484375 0.40625 0.65625 0.40416666718750005 0.65625 0.40416666718750005 0.659375 0.40625 0.6625
2 0.4166666671875 0.6296875 0.4166666671875 0.6234375 0.41875 0.6234375 0.42291666718750004 0.5875 0.425 0.5875 0.4291666671875 0.56875 0.43125 0.56875 0.43125 0.5640625 0.43333333281249997 0.5640625 0.43333333281249997 0.5515625 0.4291666671875 0.5484375 0.42083333281249996 0.55 0.4145833328125 0.5578125 0.41041666718750003 0.5734375 0.40833333281249995 0.5734375 0.40833333281249995 0.578125 0.40625 0.578125 0.39791666718749996 0.59375 0.39791666718749996 0.6 0.3958333328125 0.6 0.3895833328125 0.6328125 0.39375 0.6375 0.40833333281249995 0.6421875 0.4166666671875 0.6296875
2 0.43125 0.6125 0.4375 0.6125 0.44166666718750003 0.6109375 0.4479166671875 0.6046875 0.45625 0.5921875 0.45625 0.5875 0.4583333328125 0.5875 0.4604166671875 0.571875 0.4625 0.571875 0.4625 0.5625 0.46458333281249997 0.5625 0.46458333281249997 0.5578125 0.46666666718750005 0.5578125 0.47083333281249995 0.5515625 0.47083333281249995 0.546875 0.47291666718750003 0.546875 0.47291666718750003 0.5359375 0.46875 0.5328125 0.4625 0.5328125 0.4583333328125 0.5359375 0.43958333281249995 0.55625 0.43958333281249995 0.5609375 0.4375 0.5609375 0.4291666671875 0.5796875 0.4291666671875 0.5859375 0.4270833328125 0.5859375 0.4270833328125 0.603125 0.43125 0.6125
2 0.45416666718750004 0.528125 0.4604166671875 0.5234375 0.4604166671875 0.51875 0.4625 0.51875 0.47291666718750003 0.4984375 0.47291666718750003 0.49375 0.475 0.49375 0.4770833328125 0.4734375 0.47291666718750003 0.46875 0.4625 0.46875 0.4583333328125 0.471875 0.4479166671875 0.4859375 0.4479166671875 0.4953125 0.4458333328125 0.4953125 0.44166666718750003 0.5015625 0.43958333281249995 0.5296875 0.44375 0.5296875 0.44375 0.528125 0.45416666718750004 0.528125
2 0.49583333281249997 0.503125 0.5104166671875 0.49375 0.5166666671875 0.484375 0.5166666671875 0.4703125 0.5104166671875 0.4671875 0.5020833328125 0.46875 0.4895833328125 0.48125 0.48333333281249996 0.4890625 0.48333333281249996 0.5 0.4895833328125 0.503125 0.49583333281249997 0.503125
2 0.5229166671875001 0.4453125 0.5270833328125 0.4515625 0.5333333328125 0.4515625 0.5395833328124999 0.4484375 0.5583333328125 0.434375 0.5604166671875 0.43125 0.5625 0.409375 0.5583333328125 0.40625 0.5458333328125 0.4078125 0.5416666671875 0.4109375 0.5270833328125 0.4171875 0.51875 0.4234375 0.5125 0.43125 0.5125 0.4359375 0.5104166671875 0.4359375 0.5104166671875 0.4453125 0.5229166671875001 0.4453125
2 0.49583333281249997 0.4328125 0.5 0.4296875 0.5 0.4234375 0.5020833328125 0.4234375 0.5020833328125 0.4140625 0.5041666671875 0.4140625 0.5041666671875 0.409375 0.5020833328125 0.4078125 0.49791666718750005 0.4078125 0.4875 0.415625 0.48333333281249996 0.421875 0.48333333281249996 0.4296875 0.4875 0.4328125 0.49583333281249997 0.4328125
2 0.5729166671875 0.409375 0.5833333328125 0.4015625 0.5875 0.3953125 0.59375 0.3765625 0.5875 0.3703125 0.575 0.3703125 0.5666666671875 0.3734375 0.55625 0.3828125 0.5520833328125 0.3890625 0.5520833328125 0.4015625 0.5645833328125 0.409375 0.5729166671875 0.409375
2 0.61875 0.396875 0.6270833328125 0.390625 0.6354166671875 0.38125 0.6354166671875 0.3765625 0.6375 0.3765625 0.6354166671875 0.3671875 0.625 0.3671875 0.61875 0.3703125 0.60625 0.3703125 0.60625 0.371875 0.6 0.371875 0.5916666671875 0.38125 0.5895833328125 0.4015625 0.5916666671875 0.403125 0.6020833328124999 0.403125 0.61875 0.396875
2 0.5729166671875 0.36875 0.5770833328125 0.3703125 0.5833333328125 0.3703125 0.5833333328125 0.36875 0.5979166671875 0.36875 0.5979166671875 0.3671875 0.6041666671875 0.3671875 0.6125 0.3609375 0.6166666671875001 0.3546875 0.625 0.346875 0.6270833328125 0.34375 0.6270833328125 0.3390625 0.6291666671875 0.3390625 0.6291666671875 0.3375 0.625 0.3359375 0.6145833328125 0.340625 0.6145833328125 0.3421875 0.6 0.34375 0.5875 0.334375 0.58125 0.33125 0.5770833328125 0.33125 0.5708333328124999 0.334375 0.5625 0.3453125 0.5625 0.35 0.5604166671875 0.35 0.5604166671875 0.359375 0.5729166671875 0.36875
2 0.5979166671875 0.3328125 0.6020833328124999 0.334375 0.6083333328125 0.334375 0.6104166671875 0.3375 0.6208333328125 0.334375 0.6291666671875 0.3296875 0.6333333328124999 0.325 0.63125 0.321875 0.61875 0.321875 0.6145833328125 0.315625 0.6083333328125 0.3125 0.6041666671875 0.3125 0.5979166671875 0.315625 0.5958333328125 0.31875 0.5958333328125 0.328125 0.5979166671875 0.328125 0.5979166671875 0.3328125
2 0.6604166671875 0.2984375 0.6604166671875 0.296875 0.6666666671875 0.296875 0.6666666671875 0.2953125 0.6770833328125 0.2953125 0.6875 0.284375 0.6875 0.2734375 0.6854166671875 0.271875 0.6708333328125 0.271875 0.6604166671875 0.2765625 0.6416666671875 0.290625 0.6375 0.296875 0.6375 0.3046875 0.65 0.303125 0.6604166671875 0.2984375