2 0.802768165625 0.3617511515625 0.79238754375 0.3617511515625 0.785467128125 0.36866359375 0.785467128125 0.38018433125 0.78719723125 0.38018433125 0.78719723125 0.38709677343750004 0.7889273359375 0.39170506875 0.79238754375 0.3940092171875 0.7975778546875001 0.3940092171875 0.7975778546875001 0.3963133640625 0.8131487890625 0.3963133640625 0.8131487890625 0.3940092171875 0.8217993078125 0.3940092171875 0.8252595156250001 0.39170506875 0.83217993125 0.3824884796875 0.83217993125 0.36866359375 0.8287197234375 0.3640553 0.8183391 0.3594470046875 0.802768165625 0.3594470046875 0.802768165625 0.3617511515625
2 0.7664359859375 0.3525345625 0.7543252593750001 0.3525345625 0.7422145328124999 0.3571428578125 0.7422145328124999 0.3594470046875 0.7352941171875 0.3594470046875 0.7352941171875 0.3640553 0.7491349484375001 0.3709677421875 0.7577854671875001 0.38018433125 0.7681660906250001 0.38018433125 0.7681660906250001 0.37788018437500004 0.7733564015625001 0.37788018437500004 0.776816609375 0.3755760375 0.78719723125 0.3640553 0.78719723125 0.3571428578125 0.776816609375 0.3502304140625 0.7664359859375 0.3502304140625 0.7664359859375 0.3525345625
2 0.7629757781250001 0.3847926265625 0.7595155703125 0.38709677343750004 0.7577854671875001 0.389400921875 0.7577854671875001 0.3940092171875 0.7595155703125 0.3940092171875 0.7595155703125 0.4078341015625 0.761245675 0.4078341015625 0.761245675 0.417050690625 0.76989619375 0.417050690625 0.76989619375 0.4193548390625 0.7820069203125 0.4193548390625 0.7820069203125 0.417050690625 0.7889273359375 0.417050690625 0.80968858125 0.4078341015625 0.80968858125 0.4055299546875 0.8148788921874999 0.4055299546875 0.8217993078125 0.40092165937499996 0.8217993078125 0.3963133640625 0.8200692046875 0.3940092171875 0.7958477515625 0.389400921875 0.78719723125 0.389400921875 0.78719723125 0.38709677343750004 0.7629757781250001 0.3847926265625
2 0.723183390625 0.3755760375 0.6851211078125 0.37788018437500004 0.683391003125 0.38018433125 0.683391003125 0.3847926265625 0.688581315625 0.3986175109375 0.692041521875 0.40092165937499996 0.7041522484375 0.40092165937499996 0.7041522484375 0.3986175109375 0.738754325 0.39170506875 0.738754325 0.389400921875 0.7474048437499999 0.389400921875 0.7474048437499999 0.38709677343750004 0.7595155703125 0.3847926265625 0.761245675 0.3824884796875 0.761245675 0.37327188906250003 0.7543252593750001 0.366359446875 0.7491349484375001 0.366359446875 0.7491349484375001 0.3640553 0.738754325 0.3640553 0.723183390625 0.3755760375
2 0.67301038125 0.3640553 0.6643598609375 0.36866359375 0.65916955 0.37327188906250003 0.6608996546875 0.37788018437500004 0.666089965625 0.37788018437500004 0.666089965625 0.38018433125 0.674740484375 0.38018433125 0.674740484375 0.3824884796875 0.6782006921875 0.3824884796875 0.6782006921875 0.38018433125 0.6868512109375 0.38018433125 0.6868512109375 0.37788018437500004 0.692041521875 0.37788018437500004 0.6955017296875 0.3755760375 0.6955017296875 0.37327188906250003 0.692041521875 0.36866359375 0.688581315625 0.366359446875 0.683391003125 0.366359446875 0.683391003125 0.3640553 0.67301038125 0.3640553
2 0.6608996546875 0.38018433125 0.6539792390625 0.3847926265625 0.652249134375 0.38709677343750004 0.652249134375 0.3940092171875 0.6557093421875 0.40092165937499996 0.65916955 0.40322580625000004 0.6643598609375 0.40322580625000004 0.6643598609375 0.4055299546875 0.6712802765625 0.4055299546875 0.6712802765625 0.4078341015625 0.6799307953125 0.4078341015625 0.6868512109375 0.40092165937499996 0.6868512109375 0.38709677343750004 0.6799307953125 0.38018433125 0.6608996546875 0.38018433125
2 0.5588235296875 0.42165898593750006 0.5467128031249999 0.42165898593750006 0.5449826984375 0.423963134375 0.5449826984375 0.428571428125 0.5588235296875 0.44700460781249995 0.5778546718750001 0.44700460781249995 0.58823529375 0.4423963140625 0.5986159171875001 0.4354838703125 0.6038062281250001 0.42626728125 0.6038062281250001 0.42165898593750006 0.602076125 0.4193548390625 0.5588235296875 0.4193548390625 0.5588235296875 0.42165898593750006
2 0.6228373703125001 0.428571428125 0.6038062281250001 0.4331797234375 0.5934256062500001 0.43778801874999995 0.5899653984375 0.4423963140625 0.5899653984375 0.45391705 0.5934256062500001 0.45852534531250005 0.6055363328125 0.45852534531250005 0.6055363328125 0.46082949375000004 0.6141868515625 0.46082949375000004 0.6141868515625 0.45852534531250005 0.626297578125 0.45852534531250005 0.626297578125 0.4562211984375 0.63321799375 0.4562211984375 0.6366782 0.45391705 0.643598615625 0.44009216562500003 0.643598615625 0.4331797234375 0.6384083046875 0.428571428125 0.6228373703125001 0.428571428125
2 0.564013840625 0.451612903125 0.5570934249999999 0.451612903125 0.5432525953125 0.46082949375000004 0.538062284375 0.47004608281250004 0.538062284375 0.474654378125 0.54844290625 0.4815668203125 0.555363321875 0.4815668203125 0.555363321875 0.4838709671875 0.5657439453124999 0.4838709671875 0.5657439453124999 0.4815668203125 0.5709342562499999 0.4815668203125 0.579584775 0.474654378125 0.579584775 0.4562211984375 0.5761245671874999 0.451612903125 0.5692041515625 0.451612903125 0.5692041515625 0.44930875625000005 0.564013840625 0.44930875625000005 0.564013840625 0.451612903125
2 0.4550173015625 0.5184331796875 0.4498269890625 0.5184331796875 0.442906575 0.523041475 0.42906574375 0.53917050625 0.42906574375 0.54608295 0.43252595156250007 0.5552995390625 0.43598615937499996 0.5599078343749999 0.442906575 0.5599078343749999 0.442906575 0.5576036859375 0.45155709374999997 0.5576036859375 0.4723183390625 0.5414746546875 0.49134948125 0.5299539171875 0.49307958437500005 0.5276497703125 0.49307958437500005 0.5184331796875 0.4948096890625 0.5184331796875 0.4948096890625 0.513824884375 0.4896193765625 0.513824884375 0.4896193765625 0.5115207374999999 0.46366782031250003 0.5115207374999999 0.4550173015625 0.5161290328125 0.4550173015625 0.5184331796875
2 0.42214532812499994 0.5 0.40830449843750005 0.509216590625 0.404844290625 0.513824884375 0.404844290625 0.5184331796875 0.4100346015625 0.523041475 0.41695501718749994 0.523041475 0.41695501718749994 0.525345621875 0.4256055359375 0.525345621875 0.42906574375 0.523041475 0.4342560546875 0.513824884375 0.43252595156250007 0.5046082953125001 0.42733564062499996 0.5 0.42214532812499994 0.5