0 0.9264069265625 0.6558441562499999 0.9242424249999999 0.6396103890625 0.7380952375 0.17370129843749998 0.7251082249999999 0.146103896875 0.696969696875 0.1298701296875 0.740259740625 0.228896103125 0.79437229375 0.41720779218750004 0.8484848484375 0.5259740265625 0.9264069265625 0.6558441562499999
1 0.5324675328125 0.7581168828125 0.50649350625 0.6769480515625 0.40692640625000004 0.47564935 0.4047619046875 0.509740259375 0.47186147187499994 0.7045454546875 0.51948051875 0.7759740265625 0.5324675328125 0.7581168828125
1 0.6448412703125 1 0.60606060625 0.9301948046874999 0.55627705625 0.800324675 0.54329004375 0.7922077921875 0.5259740265625 0.8100649343749999 0.5735930734375 0.8977272734374999 0.5995671 0.9951298703125 0.602489178125 1 0.6448412703125 1
1 0.6233766234375 0.314935065625 0.621212121875 0.30194805156250004 0.6147186140625001 0.30032467500000004 0.6017316015625 0.314935065625 0.5584415578125 0.43344155781250004 0.5 0.5227272734375 0.46536796562499994 0.5876623375000001 0.46753246718749997 0.5957792203125 0.48484848437499994 0.5876623375000001 0.50649350625 0.5551948046875 0.5259740265625 0.5470779218749999 0.5541125546875 0.5 0.5974025968750001 0.3636363640625 0.6233766234375 0.314935065625
1 0.798438934375 0 0.790043290625 0.3116883109375 0.803030303125 0.33116883124999996 0.8203463203125001 0.32629870156249996 0.8290043296875 0.29545454531250004 0.8290043296875 0 0.798438934375 0
0 0.9134199140625 0.7824675328125 0.9047619046875001 0.7191558437500001 0.8766233765625 0.5957792203125 0.8679653671875001 0.5892857140625 0.874458875 0.6915584421875 0.8917748921875001 0.7857142859375 0.9134199140625 0.7824675328125
0 0.6753246749999999 0.6769480515625 0.6731601734375 0.6574675328125 0.54978355 0.7483766234375 0.54978355 0.7775974031249999 0.6753246749999999 0.6769480515625
0 0.8116883109374999 0.5470779218749999 0.8073593078125001 0.5438311687499999 0.740259740625 0.5974025968750001 0.7380952375 0.6136363640625 0.7770562765625 0.5892857140625 0.8116883109374999 0.5470779218749999
1 0.5151515156250001 0.003246753125 0.4891774890625 0.003246753125 0.44372294375 0.0730519484375 0.3614718609375 0.27597402656250003 0.33766233749999996 0.358766234375 0.30519480468750004 0.5178571421875 0.3073593078125 0.5389610390625 0.3398268390625 0.496753246875 0.3679653671875 0.34902597343749997 0.4047619046875 0.240259740625 0.49783549843749997 0.061688310937500004 0.5151515156250001 0.003246753125
1 0.27272727343750003 0.7987012984375 0.3268398265625 0.5568181812499999 0.28571428593750003 0.615259740625 0.22943722968750002 0.8376623375 0.24242424218749997 0.8165584421875 0.259740259375 0.8116883109374999 0.27272727343750003 0.7987012984375
0 0.0477848390625 0 0.0541125546875 0.371753246875 0.0627705625 0.4626623375 0.075757575 0.4626623375 0.08441558437499999 0.353896103125 0.0670995671875 0.0633116890625 0.0577200578125 0 0.0477848390625 0
0 0.28571428593750003 0.33279220781249996 0.29220779218750004 0.2207792203125 0.274891775 0.1509740265625 0.25757575781250003 0.1233766234375 0.2770562765625 0.27922077968750003 0.253246753125 0.32629870156249996 0.23593073593749997 0.41883116875 0.246753246875 0.41720779218750004 0.259740259375 0.39935065000000003 0.28571428593750003 0.33279220781249996
0 0.460645415625 1 0.45670995625 0.9918831171875 0.45238095312500004 0.9886363640625 0.4264069265625 0.925324675 0.424242425 0.9123376625 0.4177489171875 0.9042207796874999 0.409090909375 0.9074675328125 0.409090909375 0.925324675 0.422077921875 0.9545454546875 0.422077921875 0.9626623375 0.4419913421875 1 0.460645415625 1
0 0.4047619046875 0.8587662343750001 0.402597403125 0.84415584375 0.40043290000000004 0.84415584375 0.396103896875 0.8279220781250001 0.39393939375000003 0.8279220781250001 0.3896103890625 0.8116883109374999 0.3614718609375 0.7678571421875 0.3484848484375 0.766233765625 0.35064934999999997 0.7775974031249999 0.3701298703125 0.80681818125 0.3766233765625 0.8116883109374999 0.38095238125 0.8262987015625001 0.3852813859375 0.8295454546875 0.38744588750000003 0.84415584375 0.3896103890625 0.84415584375 0.3896103890625 0.8603896109375 0.3852813859375 0.8652597406250001 0.3852813859375 0.8701298703125 0.3896103890625 0.8701298703125 0.3982683984375 0.8652597406250001 0.4047619046875 0.8587662343750001
0 0.5324675328125 0.8831168828125 0.5281385281250001 0.8733766234375 0.5151515156250001 0.8490259734375 0.50649350625 0.8409090906250001 0.5 0.8295454546875 0.49567099531250003 0.8279220781250001 0.49134199062499995 0.8295454546875 0.4891774890625 0.83116883125 0.4891774890625 0.8360389609375 0.4870129875 0.8360389609375 0.4870129875 0.8409090906250001 0.49350649375 0.8490259734375 0.5043290046875 0.8717532468750001 0.5173160171875 0.8879870125 0.5238095234375 0.8912337656249999 0.5303030296875 0.8912337656249999 0.5324675328125 0.8896103890625 0.5324675328125 0.8831168828125
0 0.47186147187499994 0.7938311687499999 0.47186147187499994 0.7889610390625 0.422077921875 0.7272727265625 0.4177489171875 0.7272727265625 0.422077921875 0.7370129875 0.424242425 0.7370129875 0.424242425 0.74350649375 0.428571428125 0.7451298703125 0.428571428125 0.75 0.4696969703125 0.8100649343749999 0.4761904765625 0.8116883109374999 0.48051948125 0.8019480515625 0.4761904765625 0.7954545453125 0.47186147187499994 0.7938311687499999
0 0.45887445937500004 0.7905844156249999 0.45887445937500004 0.7840909093749999 0.45670995625 0.7824675328125 0.44805194843749996 0.7824675328125 0.4329004328125 0.7922077921875 0.40043290000000004 0.8198051953125001 0.396103896875 0.824675325 0.396103896875 0.8376623375 0.40043290000000004 0.8474025968750001 0.4047619046875 0.8474025968750001 0.4177489171875 0.8376623375 0.44155844218749996 0.8149350656250001 0.4632034625 0.7987012984375 0.4632034625 0.7938311687499999 0.46103896093749996 0.7905844156249999 0.45887445937500004 0.7905844156249999
0 0.5043290046875 0.76948051875 0.5043290046875 0.7629870125 0.5 0.753246753125 0.49783549843749997 0.7516233765625 0.49350649375 0.7516233765625 0.4632034625 0.7743506499999999 0.4632034625 0.7808441562499999 0.46536796562499994 0.7808441562499999 0.46536796562499994 0.7857142859375 0.47186147187499994 0.7922077921875 0.47835497812499994 0.7905844156249999 0.5043290046875 0.7775974031249999 0.5043290046875 0.7727272734375 0.50649350625 0.7727272734375 0.50649350625 0.76948051875 0.5043290046875 0.76948051875
0 0.575757575 0.6834415578125 0.5735930734375 0.6834415578125 0.5649350656250001 0.6915584421875 0.5303030296875 0.733766234375 0.5303030296875 0.7418831171875 0.5324675328125 0.7418831171875 0.5324675328125 0.746753246875 0.5389610390625 0.7548701296875 0.5454545453125 0.7548701296875 0.547619046875 0.7516233765625 0.54978355 0.73051948125 0.5584415578125 0.7224025968750001 0.5735930734375 0.6964285718750001 0.5735930734375 0.6866883109375 0.575757575 0.6866883109375 0.575757575 0.6834415578125
1 0.6017316015625 0.8522727265625001 0.5995671 0.8360389609375 0.5974025968750001 0.8360389609375 0.5974025968750001 0.8295454546875 0.59307359375 0.8279220781250001 0.59307359375 0.8230519484375 0.5909090906250001 0.8230519484375 0.5909090906250001 0.8279220781250001 0.5887445890625 0.8279220781250001 0.5887445890625 0.8376623375 0.5865800859375 0.8376623375 0.5844155843750001 0.8409090906250001 0.5844155843750001 0.8457792203125001 0.5822510828125 0.8457792203125001 0.5822510828125 0.8538961031250001 0.5800865796875 0.8538961031250001 0.5800865796875 0.8652597406250001 0.5822510828125 0.8652597406250001 0.5822510828125 0.8733766234375 0.5844155843750001 0.8766233765625 0.5909090906250001 0.8798701296875 0.5995671 0.8798701296875 0.60606060625 0.8766233765625 0.60606060625 0.8571428578125 0.6038961031250001 0.8571428578125 0.6038961031250001 0.8522727265625001 0.6017316015625 0.8522727265625001