1 1 0.297447878125 0.9790209796875 0.30607476562499997 0.8671328671874999 0.3785046734375 0.7534965031249999 0.422897196875 0.7255244750000001 0.44158878437500004 0.7360139859375 0.46028037343749995 0.75 0.4649532703125 0.9125874125 0.359813084375 1 0.3277441828125 1 0.297447878125
1 0.6923076921875 0.4462616828125 0.6293706296875 0.47196261718750004 0.3881118875 0.598130840625 0.41958042031250004 0.6028037390625001 0.571678321875 0.5490654203124999 0.6486013984375 0.516355140625 0.709790209375 0.47663551406250004 0.6923076921875 0.4462616828125
1 0.6328671328125 0.7359813078124999 0.527972028125 0.693925234375 0.5034965031249999 0.6869158875 0.4983272109375 0.6984300421875 0.5227272734375 0.71962616875 0.5576923078125 0.7359813078124999 0.8111888109375001 0.8084112156250001 0.7115384609375 0.75 0.6328671328125 0.7359813078124999
1 0.0227272734375 0.558411215625 0.0227272734375 0.61448598125 0.18181818125 0.661214953125 0.452797203125 0.707943925 0.40209790156249997 0.6635514015624999 0.3111888109375 0.6448598125 0.2325174828125 0.640186915625 0.134615384375 0.6074766359375 0.0891608390625 0.5771028031250001 0.027972028125 0.558411215625 0.0227272734375 0.558411215625
1 0.059790209375 1 0.1765734265625 0.9953271031250001 0.28146853125 0.9719626171875 0.484265734375 0.9556074765625 0.43356643281249996 0.9299065421874999 0.3636363640625 0.9299065421874999 0.024225525 0.96962616875 0 0.9708424484375 0 1 0.059790209375 1
0 0.75 0.025700934375 0.709790209375 0.023364485937500002 0.49650349687500006 0.08411215 0.491258740625 0.09345794375000001 0.5979020984375001 0.0864485984375 0.715034965625 0.0607476640625 0.741258740625 0.046728971875000004 0.75 0.025700934375
0 0.611720725 0 0.1643356640625 0.19859813125 0.008741259375000001 0.2523364484375 0 0.257833975 0 0.2827224484375 0.3129370625 0.15420560781249998 0.40559440625 0.10514018750000001 0.5909090906250001 0.0350467296875 0.64335664375 0 0.611720725 0
0 0 0.1778771703125 0.19055944062500002 0.182242990625 0.202797203125 0.17523364531250002 0.202797203125 0.1635514015625 0.1853146859375 0.1425233640625 0 0.1479073546875 0 0.1778771703125
1 0.1853146859375 0.3621495328125 0.1730769234375 0.36448598125 0.1730769234375 0.3714953265625 0.22027972031249998 0.401869159375 0.33391608437500003 0.43925233593749996 0.5 0.5350467296875 0.547202796875 0.5140186921875001 0.48951048906250005 0.474299065625 0.3129370625 0.41588785 0.2797202796875 0.3948598125 0.2325174828125 0.3878504671875 0.1853146859375 0.3621495328125
0 1 0.510124609375 0.991258740625 0.5140186921875001 0.9702797203125 0.5280373828125 0.9510489515625 0.5350467296875 0.9335664328125001 0.5490654203124999 0.9125874125 0.556074765625 0.9020979015625 0.5654205609375 0.85664335625 0.5794392515625 0.8548951046875001 0.5864485984375001 0.860139859375 0.5911214953124999 0.8741258734375 0.5911214953124999 0.8916083921875 0.5864485984375001 0.9125874125 0.5747663546874999 0.9195804203125 0.5747663546874999 0.9248251749999999 0.567757009375 0.9458041953125 0.5607476640625 0.96853146875 0.5443925234375 1 0.53111165625 1 0.510124609375
0 0.78146853125 0.6074766359375 0.7744755249999999 0.6074766359375 0.7709790203125 0.6121495328125001 0.7639860140625 0.6121495328125001 0.7639860140625 0.61448598125 0.75 0.619158878125 0.7080419578125 0.6495327109375 0.7045454546875 0.6542056078125 0.7045454546875 0.6588785046875001 0.7167832171875 0.661214953125 0.7517482515625 0.63551401875 0.7534965031249999 0.630841121875 0.758741259375 0.630841121875 0.7709790203125 0.6214953265625 0.8059440562500001 0.61448598125 0.8146853140625 0.6168224296875 0.8146853140625 0.619158878125 0.81818181875 0.6168224296875 0.8076923078125 0.6004672890625 0.79370629375 0.6004672890625 0.78146853125 0.6051401875 0.78146853125 0.6074766359375
0 0.7325174828125001 0.5116822437499999 0.7045454546875 0.53037383125 0.6958041953125 0.537383178125 0.6870629375 0.5490654203124999 0.65559440625 0.567757009375 0.653846153125 0.5771028031250001 0.65559440625 0.5794392515625 0.6625874125 0.5794392515625 0.6625874125 0.5771028031250001 0.6678321671874999 0.5771028031250001 0.6835664328125 0.5654205609375 0.6835664328125 0.5630841125 0.6888111890624999 0.5630841125 0.6958041953125 0.558411215625 0.6958041953125 0.556074765625 0.715034965625 0.5537383171875 0.7202797203125 0.542056075 0.73076923125 0.5350467296875 0.73076923125 0.5327102796875 0.7360139859375 0.5327102796875 0.7360139859375 0.53037383125 0.741258740625 0.53037383125 0.7482517484375 0.525700934375 0.75 0.5210280375 0.74300699375 0.5116822437499999 0.7325174828125001 0.5116822437499999
0 0.7272727265625 0.53037383125 0.71853146875 0.5350467296875 0.7167832171875 0.537383178125 0.7167832171875 0.546728971875 0.7255244750000001 0.5607476640625 0.7622377625000001 0.6051401875 0.7674825171874999 0.609813084375 0.78146853125 0.609813084375 0.78146853125 0.6074766359375 0.7919580421875 0.6051401875 0.7919580421875 0.598130840625 0.7884615390625 0.59345794375 0.7604895109375 0.5654205609375 0.734265734375 0.53037383125 0.7272727265625 0.53037383125
0 0.702797203125 0.4789719625 0.6958041953125 0.4789719625 0.6888111890624999 0.483644859375 0.6853146859375 0.48831775625 0.6853146859375 0.5 0.6870629375 0.504672896875 0.702797203125 0.525700934375 0.7080419578125 0.525700934375 0.7080419578125 0.5280373828125 0.7167832171875 0.5280373828125 0.7167832171875 0.525700934375 0.722027971875 0.525700934375 0.7290209796875 0.516355140625 0.7290209796875 0.5116822437499999 0.7272727265625 0.5116822437499999 0.7272727265625 0.504672896875 0.71853146875 0.49299065468750003 0.7115384609375 0.4789719625 0.7080419578125 0.47663551406250004 0.702797203125 0.47663551406250004 0.702797203125 0.4789719625