2 0.723183390625 0.2626728109375 0.7041522484375 0.26497695781249997 0.70761245625 0.281105990625 0.7456747406249999 0.315668203125 0.771626296875 0.315668203125 0.7820069203125 0.30645161249999997 0.7647058828125 0.27880184375 0.723183390625 0.2626728109375
2 0.716262975 0.29493087500000004 0.6851211078125 0.29493087500000004 0.6764705875 0.30645161249999997 0.6384083046875 0.31797235 0.6314878890625 0.3341013828125 0.6557093421875 0.33870967812499997 0.7352941171875 0.3202764984375 0.7352941171875 0.3110599078125 0.716262975 0.29493087500000004
2 0.67301038125 0.2603686640625 0.6297577859375 0.2603686640625 0.6314878890625 0.269585253125 0.6470588234375 0.2764976953125 0.692041521875 0.281105990625 0.6868512109375 0.26497695781249997 0.67301038125 0.2603686640625
2 0.6366782 0.29032258125 0.595155709375 0.292626728125 0.579584775 0.30184331875 0.5761245671874999 0.3133640546875 0.602076125 0.3341013828125 0.6314878890625 0.32718894062500004 0.6487889265625 0.30184331875 0.6366782 0.29032258125
2 0.6366782 0.2626728109375 0.5934256062500001 0.26497695781249997 0.5899653984375 0.2764976953125 0.6176470593750001 0.29032258125 0.6487889265625 0.2834101375 0.6366782 0.2626728109375
2 0.5899653984375 0.26497695781249997 0.54844290625 0.2626728109375 0.53114186875 0.2834101375 0.5622837374999999 0.29723502343749997 0.6072664359375 0.2880184328125 0.602076125 0.2718894015625 0.5899653984375 0.26497695781249997
2 0.53114186875 0.2764976953125 0.4480968859375 0.281105990625 0.4394463671875 0.2880184328125 0.48788927343750005 0.304147465625 0.541522490625 0.29493087500000004 0.53114186875 0.2764976953125
2 0.5501730109375 0.2995391703125 0.5190311421875 0.30184331875 0.498269896875 0.3248847921875 0.501730103125 0.33870967812499997 0.5501730109375 0.341013825 0.5674740484374999 0.331797234375 0.5709342562499999 0.3202764984375 0.5692041515625 0.3110599078125 0.5501730109375 0.2995391703125
2 0.4723183390625 0.29493087500000004 0.420415225 0.29032258125 0.4152249140625 0.2995391703125 0.442906575 0.3294930875 0.48269896250000005 0.3341013828125 0.49307958437500005 0.3225806453125 0.48788927343750005 0.30184331875 0.4723183390625 0.29493087500000004
2 0.41695501718749994 0.3087557609375 0.37716262968750003 0.3087557609375 0.33217993125 0.331797234375 0.3304498265625 0.343317971875 0.36678200625 0.3617511515625 0.40311418750000005 0.3502304140625 0.4238754328125 0.3248847921875 0.41695501718749994 0.3087557609375
2 0.20588235312499997 0.5691244234374999 0.18685121093749998 0.5714285718750001 0.13321799375 0.6059907828125 0.117647059375 0.6290322578125 0.1695501734375 0.6059907828125 0.2093425609375 0.576036865625 0.20588235312499997 0.5691244234374999