2 0.6433333328125 0.5933333328125 0.585 0.5911111109375 0.5816666671874999 0.5933333328125 0.5816666671874999 0.6044444437500001 0.5900000000000001 0.6133333328125 0.6466666671875 0.6066666671875 0.6466666671875 0.6044444437500001 0.6533333328125 0.6044444437500001 0.6599999999999999 0.6 0.6733333328125 0.5822222218750001 0.675 0.5711111109375 0.6733333328125 0.5688888890625 0.6599999999999999 0.5688888890625 0.6599999999999999 0.5711111109375 0.6533333328125 0.5711111109375 0.6516666671875 0.5733333328125 0.6516666671875 0.5866666671874999 0.6433333328125 0.5911111109375 0.6433333328125 0.5933333328125
2 0.6616666671875 0.46444444375 0.6616666671875 0.4688888890625 0.6716666671875 0.4888888890625 0.6816666671875 0.49555555625 0.6983333328125 0.50444444375 0.7033333328125 0.50444444375 0.7033333328125 0.5066666671875 0.7083333328125 0.5066666671875 0.7083333328125 0.5088888890625001 0.7266666671875 0.5111111109375 0.7316666671875 0.5177777781249999 0.7516666671875 0.5288888890625 0.7583333328124999 0.5288888890625 0.7616666671875 0.52444444375 0.7616666671875 0.5177777781249999 0.755 0.5111111109375 0.7433333328125 0.5111111109375 0.7416666671875001 0.5066666671875 0.7366666671875 0.5066666671875 0.7266666671875 0.497777778125 0.71 0.4888888890625 0.705 0.4888888890625 0.705 0.48666666718749996 0.6900000000000001 0.477777778125 0.6849999999999999 0.477777778125 0.6849999999999999 0.47555555624999996 0.6666666671875 0.46444444375 0.6616666671875 0.46444444375
2 0.6416666671875 0.4711111109375 0.6366666671875 0.4711111109375 0.635 0.4733333328125 0.635 0.477777778125 0.6433333328125 0.4933333328125 0.6599999999999999 0.51555555625 0.6666666671875 0.52 0.6783333328125 0.52 0.6816666671875 0.51555555625 0.6799999999999999 0.5111111109375 0.6766666671875 0.5088888890625001 0.665 0.4933333328125 0.6633333328125001 0.4933333328125 0.6633333328125001 0.48444444375 0.6566666671875 0.47555555624999996 0.6516666671875 0.4711111109375 0.645 0.4711111109375 0.645 0.4688888890625 0.6416666671875 0.4688888890625 0.6416666671875 0.4711111109375
2 0.795 0.57555555625 0.775 0.5822222218750001 0.7733333328125 0.58444444375 0.7733333328125 0.602222221875 0.775 0.6066666671875 0.78 0.6066666671875 0.795 0.597777778125 0.8 0.5911111109375 0.8066666671875 0.5866666671874999 0.8083333328125001 0.58444444375 0.8083333328125001 0.577777778125 0.805 0.57555555625 0.795 0.57555555625
2 0.6883333328125001 0.6288888890625 0.6849999999999999 0.6311111109375 0.6816666671875 0.64 0.6816666671875 0.6511111109375001 0.6833333328125 0.6533333328125 0.6916666671875 0.6533333328125 0.6916666671875 0.6511111109375001 0.6966666671875 0.6511111109375001 0.7 0.6466666671875 0.7033333328125 0.637777778125 0.7033333328125 0.6311111109375 0.7 0.6288888890625 0.6883333328125001 0.6288888890625
2 0.6849999999999999 0.5355555562500001 0.6799999999999999 0.5355555562500001 0.675 0.54 0.6733333328125 0.54444444375 0.6733333328125 0.5533333328125 0.6966666671875 0.5511111109375 0.6983333328125 0.5488888890625 0.6983333328125 0.54444444375 0.6966666671875 0.54444444375 0.6966666671875 0.5377777781249999 0.6950000000000001 0.5355555562500001 0.6916666671875 0.5333333328125 0.6849999999999999 0.5333333328125 0.6849999999999999 0.5355555562500001
2 0.7516666671875 0.5333333328125 0.745 0.5333333328125 0.7383333328125 0.54 0.7383333328125 0.5488888890625 0.74 0.5511111109375 0.745 0.5511111109375 0.745 0.5533333328125 0.755 0.5533333328125 0.7583333328124999 0.5488888890625 0.7583333328124999 0.5355555562500001 0.755 0.5311111109375 0.7516666671875 0.5311111109375 0.7516666671875 0.5333333328125
2 0.7483333328125 0.59555555625 0.7383333328125 0.597777778125 0.7366666671875 0.6 0.7366666671875 0.6066666671875 0.7383333328125 0.6088888890625 0.7483333328125 0.6088888890625 0.7516666671875 0.6044444437500001 0.7483333328125 0.59555555625
2 0.5316666671875 0.47555555624999996 0.5283333328125 0.48 0.5283333328125 0.48666666718749996 0.5416666671875 0.502222221875 0.5516666671875 0.502222221875 0.5516666671875 0.50444444375 0.5700000000000001 0.5066666671875 0.58 0.5133333328125 0.5983333328125 0.5133333328125 0.6016666671875 0.5111111109375 0.6016666671875 0.5088888890625001 0.595 0.5 0.5900000000000001 0.49555555625 0.585 0.49555555625 0.585 0.4933333328125 0.5683333328125 0.48666666718749996 0.5599999999999999 0.48 0.5483333328125 0.48 0.5483333328125 0.477777778125 0.5349999999999999 0.477777778125 0.5349999999999999 0.47555555624999996 0.5316666671875 0.47555555624999996
2 0.44166666718750003 0.44666666718750003 0.44166666718750003 0.46666666718750005 0.4766666671875 0.46666666718750005 0.4766666671875 0.46444444375 0.4533333328125 0.44888888906249996 0.4483333328125 0.44888888906249996 0.4483333328125 0.44666666718750003 0.44166666718750003 0.44666666718750003
2 0.61 0.522222221875 0.6083333328125 0.52444444375 0.61 0.5377777781249999 0.6133333328125 0.54444444375 0.6266666671875 0.54444444375 0.63 0.54 0.63 0.5333333328125 0.625 0.5266666671875 0.6183333328125 0.522222221875 0.61 0.522222221875
2 0.495 0.382222221875 0.4883333328125 0.3866666671875 0.4883333328125 0.39555555625 0.5 0.40888888906250004 0.5083333328124999 0.41555555625 0.5333333328125 0.41777777812499994 0.5416666671875 0.42444444375 0.5516666671875 0.42444444375 0.5549999999999999 0.42000000000000004 0.5549999999999999 0.41111111093749997 0.55 0.4066666671875 0.545 0.4066666671875 0.545 0.40444444375 0.5383333328125001 0.40444444375 0.5383333328125001 0.40222222187499995 0.5266666671875 0.397777778125 0.5233333328125 0.3933333328125 0.5116666671875 0.3866666671875 0.495 0.382222221875
2 0.32999999999999996 0.317777778125 0.32166666718750003 0.317777778125 0.32 0.322222221875 0.32166666718750003 0.3266666671875 0.3283333328125 0.33555555625 0.335 0.33999999999999997 0.33999999999999997 0.33999999999999997 0.33999999999999997 0.342222221875 0.3466666671875 0.342222221875 0.3466666671875 0.34444444375 0.35 0.3466666671875 0.3633333328125 0.3466666671875 0.3633333328125 0.342222221875 0.3566666671875 0.33555555625 0.3533333328125 0.3266666671875 0.3466666671875 0.317777778125 0.3433333328125 0.31555555625 0.32999999999999996 0.31555555625 0.32999999999999996 0.317777778125
2 0.7133333328125 0.5866666671874999 0.7033333328125 0.5866666671874999 0.6950000000000001 0.5933333328125 0.6950000000000001 0.597777778125 0.6966666671875 0.6 0.7116666671874999 0.6 0.7166666671875 0.59555555625 0.7166666671875 0.5866666671874999 0.7150000000000001 0.58444444375 0.7133333328125 0.58444444375 0.7133333328125 0.5866666671874999
2 0.6783333328125 0.62 0.6733333328125 0.62 0.645 0.63555555625 0.64 0.642222221875 0.64 0.6488888890625 0.645 0.6555555562500001 0.655 0.6555555562500001 0.655 0.6533333328125 0.6599999999999999 0.6533333328125 0.67 0.6466666671875 0.67 0.64444444375 0.675 0.64444444375 0.675 0.642222221875 0.6849999999999999 0.642222221875 0.6866666671874999 0.637777778125 0.6866666671874999 0.6288888890625 0.6883333328125001 0.6288888890625 0.6883333328125001 0.617777778125 0.6783333328125 0.617777778125 0.6783333328125 0.62
2 0.6083333328125 0.7311111109375 0.6016666671875 0.73555555625 0.5916666671875 0.7466666671875 0.5816666671874999 0.76444444375 0.5816666671874999 0.782222221875 0.58 0.782222221875 0.5783333328125 0.7866666671875 0.5783333328125 0.79555555625 0.5766666671875 0.79555555625 0.5766666671875 0.8133333328125 0.58 0.8177777781250001 0.585 0.81555555625 0.595 0.802222221875 0.6016666671875 0.7866666671875 0.6233333328125 0.76 0.6266666671875 0.7511111109375 0.6216666671875 0.742222221875 0.62 0.742222221875 0.6183333328125 0.7311111109375 0.6083333328125 0.7311111109375