2 0.414790996875 0.5879828328125 0.40032154374999995 0.5793991421875 0.3810289390625 0.60085836875 0.3810289390625 0.622317596875 0.41961414843749995 0.6652360515625 0.42926045 0.667381975 0.43890675312500005 0.6566523609375 0.414790996875 0.5879828328125
2 0.55948553125 0.8175965671875 0.55948553125 0.7811158796875 0.5546623796875 0.7639484984375 0.5337620578125 0.7360515015625 0.5192926046874999 0.729613734375 0.520900321875 0.7961373390625 0.535369775 0.8218884125000001 0.5530546625 0.8261802578124999 0.55948553125 0.8175965671875
2 0.7106109328125 0.669527896875 0.7041800640625 0.6330472109375 0.6688102890625001 0.5836909875 0.644694534375 0.532188840625 0.6366559484375001 0.5278969953125 0.638263665625 0.5686695281249999 0.655948553125 0.60085836875 0.6688102890625001 0.6072961375 0.6961414796875001 0.667381975 0.7106109328125 0.669527896875
2 0.5 0.645922746875 0.456591640625 0.57081545 0.44212218593749997 0.562231759375 0.42282958125 0.5643776828125 0.42282958125 0.57725321875 0.4549839234375 0.6072961375 0.4823151125 0.6523605156250001 0.4951768484375 0.6545064375 0.5 0.645922746875
2 0.6157556265624999 0.9442060078125 0.591639871875 0.890557940625 0.567524115625 0.8669527890625 0.57717041875 0.9163090125 0.59967845625 0.954935621875 0.6109324765624999 0.9656652359375 0.61736334375 0.9613733906249999 0.6157556265624999 0.9442060078125
2 0.832797428125 0.31759656718749996 0.8408360125 0.34120171718750003 0.8794212218749999 0.3690987125 0.8922829578125 0.3690987125 0.8826366562500001 0.34120171718750003 0.8520900328125001 0.3133047203125 0.832797428125 0.31759656718749996
2 0.4774919609375 0.4506437765625 0.4823151125 0.454935621875 0.5080385859375001 0.4334763953125 0.5096463015625 0.39484978593750003 0.479099678125 0.4334763953125 0.4774919609375 0.4506437765625
2 0.5369774921875 0.293991415625 0.535369775 0.285407725 0.5160771703125 0.2896995703125 0.5016077171875 0.3111587984375 0.5016077171875 0.3218884125 0.5128617359375001 0.32618025781250004 0.52411575625 0.31759656718749996 0.5369774921875 0.293991415625
2 0.32958199375 0.3712446359375 0.3424437296875 0.3669527890625 0.3408360125 0.34120171718750003 0.332797428125 0.32618025781250004 0.323151125 0.33261802500000004 0.32958199375 0.3712446359375
2 0.7331189703125001 0.5793991421875 0.7459807078125 0.5836909875 0.7459807078125 0.57081545 0.726688103125 0.53004291875 0.7250803859375 0.5493562234375 0.7331189703125001 0.5793991421875
2 0.4131832796875 0.152360515625 0.4163987140625 0.15665236093749998 0.42926045 0.145922746875 0.426045015625 0.12446351874999999 0.40996784531249997 0.1266094421875 0.4131832796875 0.152360515625