2 0.5379146921875 0.8262411343749999 0.5379146921875 0.8209219859375001 0.5236966828125 0.8014184390624999 0.5071090046875 0.7890070921875 0.5 0.7854609921875 0.488151659375 0.7854609921875 0.4928909953125 0.8067375890624999 0.49526066406249997 0.8067375890624999 0.49526066406249997 0.8138297874999999 0.49763033125 0.8138297874999999 0.49763033125 0.8191489359374999 0.5047393359375001 0.828014184375 0.5142180093750001 0.831560284375 0.5213270140625 0.8368794328125 0.5355450234375 0.8368794328125 0.5379146921875 0.8351063828124999 0.5379146921875 0.8297872343750001 0.5402843609375 0.8297872343750001 0.5402843609375 0.8262411343749999 0.5379146921875 0.8262411343749999
2 0.42654028437499997 1 0.42654028437499997 0.99822695 0.424170615625 0.99822695 0.424170615625 0.9911347515625 0.4218009484375 0.9911347515625 0.4218009484375 0.9858156031249999 0.4194312796875 0.9822695031249999 0.40995260624999996 0.9751773046875 0.4075829390625 0.9751773046875 0.4028436015625 0.9822695031249999 0.4028436015625 1 0.42654028437499997 1
2 0.587677725 0.8173758859375001 0.587677725 0.8102836874999999 0.5829383890625001 0.8031914890625 0.5781990515625 0.7996453906250001 0.5687203796875 0.7996453906250001 0.5687203796875 0.8049645390625001 0.571090046875 0.8049645390625001 0.571090046875 0.8120567375000001 0.5734597156250001 0.8120567375000001 0.5734597156250001 0.8173758859375001 0.575829384375 0.8173758859375001 0.575829384375 0.8226950359374999 0.5781990515625 0.8226950359374999 0.5781990515625 0.8351063828124999 0.5805687203125001 0.8351063828124999 0.5805687203125001 0.84397163125 0.587677725 0.8528368796875 0.5924170609375 0.8528368796875 0.5971563984375 0.84574468125 0.5971563984375 0.8333333328125001 0.59004739375 0.8173758859375001 0.587677725 0.8173758859375001
2 0.6421800953125001 1 0.6421800953125001 0.9964539 0.6398104265625 0.9964539 0.6398104265625 0.9911347515625 0.6279620859375 0.9822695031249999 0.6232227484374999 0.9822695031249999 0.6218288265624999 1 0.6421800953125001 1
2 0.599526065625 0.9503546093749999 0.599526065625 0.9432624109375001 0.5971563984375 0.9397163125000001 0.587677725 0.9397163125000001 0.587677725 0.9468085109375 0.5853080562499999 0.9468085109375 0.5853080562499999 0.955673759375 0.587677725 0.955673759375 0.587677725 0.9645390078125 0.5924170609375 0.97163120625 0.5947867296875 0.9734042546874999 0.604265403125 0.9734042546874999 0.6066350703125 0.9698581562499999 0.6066350703125 0.9592198578125 0.604265403125 0.9592198578125 0.604265403125 0.9539007093749999 0.601895734375 0.9503546093749999 0.599526065625 0.9503546093749999
2 0.4028436015625 0.877659575 0.4028436015625 0.8670212765624999 0.400473934375 0.8670212765624999 0.400473934375 0.861702128125 0.39336492968750003 0.861702128125 0.38862559218750004 0.8652482265625 0.38862559218750004 0.8865248234375 0.3909952609375 0.8865248234375 0.3909952609375 0.891843971875 0.39336492968750003 0.893617021875 0.398104265625 0.893617021875 0.4028436015625 0.890070921875 0.4028436015625 0.8847517734375 0.40521327031250004 0.8847517734375 0.40521327031250004 0.877659575 0.4028436015625 0.877659575
2 0.720379146875 1 0.720379146875 0.9822695031249999 0.7156398109375 0.9645390078125 0.70853080625 0.9539007093749999 0.6966824640625 0.9450354609374999 0.6872037921875 0.9450354609374999 0.6872037921875 0.9592198578125 0.689573459375 0.9592198578125 0.689573459375 0.9734042546874999 0.694312796875 0.99822695 0.695102684375 1 0.720379146875 1
2 0.6137440765625 0.7553191484374999 0.6090047390625 0.7464539 0.5947867296875 0.735815603125 0.5426540281250001 0.65602836875 0.5236966828125 0.6507092203125 0.516587678125 0.6613475171875 0.516587678125 0.673758865625 0.5236966828125 0.6861702125 0.5355450234375 0.6968085109375 0.5379146921875 0.705673759375 0.545023696875 0.7109929078125 0.547393365625 0.7411347515625 0.5545023703124999 0.7535461 0.5687203796875 0.762411346875 0.5805687203125001 0.7748226953125 0.599526065625 0.77836879375 0.6137440765625 0.767730496875 0.6137440765625 0.7553191484374999
2 0.545023696875 0.730496453125 0.545023696875 0.72163120625 0.5308056875 0.6950354609375 0.52606635 0.6879432624999999 0.5236966828125 0.6879432624999999 0.5189573453125 0.6914893609375 0.5142180093750001 0.702127659375 0.5142180093750001 0.7145390078125 0.5118483406250001 0.7145390078125 0.5118483406250001 0.71985815625 0.5142180093750001 0.71985815625 0.5142180093750001 0.732269503125 0.516587678125 0.732269503125 0.516587678125 0.7411347515625 0.5189573453125 0.7411347515625 0.5189573453125 0.7464539 0.52606635 0.7535461 0.5355450234375 0.7570921984375001 0.5402843609375 0.7570921984375001 0.545023696875 0.7535461 0.545023696875 0.7482269500000001 0.547393365625 0.7482269500000001 0.547393365625 0.730496453125 0.545023696875 0.730496453125
2 0.3601895734375 0.7145390078125 0.3601895734375 0.705673759375 0.3578199046875 0.705673759375 0.3578199046875 0.6985815609375 0.35308056875 0.6914893609375 0.34597156406249996 0.6914893609375 0.336492890625 0.7003546093749999 0.336492890625 0.705673759375 0.3341232234375 0.705673759375 0.3293838859375 0.7163120562499999 0.3293838859375 0.7393617015625 0.3317535546875 0.7393617015625 0.3317535546875 0.7464539 0.336492890625 0.75 0.341232228125 0.75 0.35308056875 0.7446808515625001 0.3601895734375 0.735815603125 0.3601895734375 0.7287234046875 0.3625592421875 0.7287234046875 0.3625592421875 0.7145390078125 0.3601895734375 0.7145390078125
2 0.8436018953125 1 0.8436018953125 0.9964539 0.8341232234374999 0.9822695031249999 0.8270142187499999 0.9751773046875 0.82227488125 0.9751773046875 0.8199052124999999 0.9787234046875 0.8199052124999999 0.9858156031249999 0.8175355453125001 0.9858156031249999 0.8175355453125001 0.9946808515625 0.8151658765625 0.9946808515625 0.8151658765625 1 0.8436018953125 1
2 0.8862559234375 0.9414893609374999 0.88388625625 0.9379432624999999 0.8601895734375 0.9202127656249999 0.8554502375 0.918439715625 0.8483412328125001 0.918439715625 0.8483412328125001 0.9166666671874999 0.8412322281250001 0.9166666671874999 0.8412322281250001 0.9148936171875001 0.8293838859375 0.9113475171875001 0.8175355453125001 0.9113475171875001 0.8104265406250001 0.9202127656249999 0.8104265406250001 0.9255319156249999 0.8151658765625 0.9290780140624999 0.8293838859375 0.9308510640625001 0.8293838859375 0.9414893609374999 0.8507108999999999 0.9609929078125001 0.869668246875 0.9609929078125001 0.8744075828125 0.9592198578125 0.8862559234375 0.9503546093749999 0.8862559234375 0.9414893609374999
2 0.6161137437499999 0.576241134375 0.6137440765625 0.5726950359375 0.5805687203125001 0.546099290625 0.5663507109375 0.5407801421875 0.5663507109375 0.5514184390625 0.5687203796875 0.5514184390625 0.5687203796875 0.5567375890624999 0.5829383890625001 0.5709219859375 0.59004739375 0.581560284375 0.5924170609375 0.581560284375 0.5924170609375 0.5886524828125 0.599526065625 0.5992907796875 0.6066350703125 0.6046099296875 0.6137440765625 0.6046099296875 0.6161137437499999 0.576241134375
2 0.5118483406250001 0.5709219859375 0.5071090046875 0.5656028375 0.5 0.5602836875 0.4928909953125 0.5602836875 0.48341232187500005 0.5691489359374999 0.48341232187500005 0.578014184375 0.48578199062499994 0.581560284375 0.49763033125 0.5886524828125 0.5 0.5886524828125 0.5 0.5868794328125 0.5071090046875 0.5868794328125 0.5118483406250001 0.581560284375 0.5118483406250001 0.5709219859375
2 0.3862559234375 0.484042553125 0.3862559234375 0.47872340468749996 0.3720379140625 0.46985815625000005 0.3507109 0.4609929078125 0.3507109 0.45390070937500004 0.3436018953125 0.4468085109375 0.338862559375 0.4450354609375 0.3293838859375 0.4450354609375 0.32464455000000003 0.4468085109375 0.32464455000000003 0.45567375937500004 0.3293838859375 0.46631205624999994 0.3436018953125 0.47695035468749997 0.35545023750000004 0.48226950312500005 0.3625592421875 0.48226950312500005 0.3625592421875 0.484042553125 0.37677725156249997 0.484042553125 0.37677725156249997 0.485815603125 0.3815165875 0.487588653125 0.38862559218750004 0.487588653125 0.38862559218750004 0.484042553125 0.3862559234375 0.484042553125
2 0.37914691875 0.4946808515625 0.37440758281250003 0.49290780156249997 0.3578199046875 0.487588653125 0.336492890625 0.487588653125 0.3317535546875 0.49113475156249997 0.3317535546875 0.49822695 0.341232228125 0.5017730499999999 0.35545023750000004 0.5017730499999999 0.35545023750000004 0.5035461 0.37440758281250003 0.5035461 0.37914691875 0.5 0.37914691875 0.4946808515625
2 0.22748815156250002 0.769503546875 0.2251184828125 0.767730496875 0.20853080624999998 0.767730496875 0.20853080624999998 0.769503546875 0.1990521328125 0.769503546875 0.194312796875 0.7730496453125 0.1872037921875 0.78191489375 0.1872037921875 0.7872340421875 0.1848341234375 0.7872340421875 0.1848341234375 0.797872340625 0.1872037921875 0.7996453906250001 0.191943128125 0.8014184390624999 0.2014218015625 0.8014184390624999 0.20853080624999998 0.796099290625 0.2109004734375 0.7925531921875 0.220379146875 0.7854609921875 0.22748815156250002 0.7765957453125 0.22748815156250002 0.769503546875
2 0.2156398109375 0.7996453906250001 0.2109004734375 0.7996453906250001 0.191943128125 0.8156028375 0.17772511875000002 0.8368794328125 0.17772511875000002 0.84042553125 0.18009478750000002 0.8421985812499999 0.1990521328125 0.8351063828124999 0.2061611375 0.828014184375 0.21327014218749998 0.8156028375 0.21327014218749998 0.8085106390625001 0.2156398109375 0.8085106390625001 0.2156398109375 0.7996453906250001
2 1 0.6102419703125 0.9573459718749999 0.6046099296875 0.9834123218749999 0.6365248234374999 1 0.6429787234375001 1 0.6102419703125
2 0.9454976296875 0.59751773125 0.9502369671875 0.5851063828124999 0.9218009484374999 0.581560284375 0.8412322281250001 0.5514184390625 0.8886255921874999 0.59397163125 0.9454976296875 0.59751773125
2 0.6445497625 0.17907801406249998 0.635071090625 0.15425531875 0.6184834125 0.141843971875 0.601895734375 0.1489361703125 0.5947867296875 0.1631205671875 0.6184834125 0.19680851093750001 0.6398104265625 0.20744680781249997 0.6445497625 0.17907801406249998
2 0.281990521875 0.138297871875 0.2748815171875 0.124113475 0.2393364921875 0.11347517656249999 0.20379146874999998 0.1152482265625 0.2109004734375 0.1294326234375 0.23696682500000002 0.143617021875 0.281990521875 0.138297871875
2 0.64691943125 0.34397163124999997 0.6421800953125001 0.31205673749999996 0.6279620859375 0.297872340625 0.6113744078125001 0.3156028375 0.6232227484374999 0.3546099296875 0.6374407578125 0.3546099296875 0.64691943125 0.34397163124999997