2 0 0.31968145625 0.0319634703125 0.3208191125 0.0502283109375 0.3088737203125 0 0.2920442515625 0 0.31968145625
2 0.0091324203125 0.337883959375 0.0091324203125 0.3430034125 0.015981735937499998 0.34812286718749996 0.0365296796875 0.358361775 0.041095890625 0.36006825937500003 0.04794520625 0.36006825937500003 0.04794520625 0.36177474374999996 0.0662100453125 0.36177474374999996 0.0662100453125 0.363481228125 0.06849315 0.363481228125 0.06849315 0.36177474374999996 0.0890410953125 0.36177474374999996 0.09360730625 0.358361775 0.0913242015625 0.3549488046875 0.08219178125 0.3515358359375 0.0730593609375 0.3430034125 0.0662100453125 0.33959044375 0.041095890625 0.3310580203125 0.034246575 0.3310580203125 0.034246575 0.3293515359375 0.018264840625 0.3293515359375 0.018264840625 0.3310580203125 0.0068493156250000005 0.3310580203125 0.0068493156250000005 0.337883959375 0.0091324203125 0.337883959375
2 0.0616438359375 0.337883959375 0.0913242015625 0.3549488046875 0.10502283125 0.36006825937500003 0.11415525156249999 0.36006825937500003 0.11415525156249999 0.36177474374999996 0.132420090625 0.36177474374999996 0.132420090625 0.356655290625 0.12785388125 0.3549488046875 0.12785388125 0.34812286718749996 0.12100456562499999 0.341296928125 0.11643835625000001 0.33959044375 0.1073059359375 0.33959044375 0.1073059359375 0.337883959375 0.1027397265625 0.336177475 0.0958904109375 0.336177475 0.0958904109375 0.3344709890625 0.0616438359375 0.3344709890625 0.0616438359375 0.337883959375
2 0.1004566203125 0.36177474374999996 0.10502283125 0.3651877140625 0.1301369859375 0.378839590625 0.15981735156250002 0.38907849843750003 0.180365296875 0.38907849843750003 0.1894977171875 0.38395904375 0.1894977171875 0.380546075 0.180365296875 0.37372013593750003 0.15068493125 0.363481228125 0.14155251093750001 0.363481228125 0.14155251093750001 0.36177474374999996 0.1027397265625 0.358361775 0.1004566203125 0.36177474374999996
2 0.12100456562499999 0.3464163828125 0.123287671875 0.3498293515625 0.13926940625 0.356655290625 0.146118721875 0.356655290625 0.146118721875 0.358361775 0.180365296875 0.3651877140625 0.191780821875 0.3651877140625 0.191780821875 0.3668941984375 0.1986301375 0.3668941984375 0.1986301375 0.3686006828125 0.22146118750000002 0.3703071671875 0.22146118750000002 0.3686006828125 0.2305936078125 0.3686006828125 0.2283105015625 0.363481228125 0.2237442921875 0.36006825937500003 0.214611871875 0.356655290625 0.19634703125 0.3549488046875 0.19634703125 0.3532423203125 0.16210045625 0.3430034125 0.1552511421875 0.3430034125 0.1552511421875 0.341296928125 0.123287671875 0.33959044375 0.12100456562499999 0.341296928125 0.12100456562499999 0.3464163828125
2 0.1529680359375 0.3941979515625 0.157534246875 0.397610921875 0.16210045625 0.39931740625 0.168949771875 0.39931740625 0.168949771875 0.401023890625 0.1872146125 0.401023890625 0.1872146125 0.402730375 0.19634703125 0.402730375 0.20547945156249997 0.39931740625 0.2100456625 0.3959044375 0.2100456625 0.39078498281249996 0.2009132421875 0.3856655296875 0.1940639265625 0.3856655296875 0.1940639265625 0.38395904375 0.17808219218750002 0.38395904375 0.1712328765625 0.3873720140625 0.1552511421875 0.3873720140625 0.1529680359375 0.38907849843750003 0.1529680359375 0.3941979515625
2 0.20547945156249997 0.38907849843750003 0.2100456625 0.3924914671875 0.214611871875 0.3941979515625 0.22146118750000002 0.3941979515625 0.22146118750000002 0.3959044375 0.2305936078125 0.3959044375 0.2305936078125 0.397610921875 0.24657534218750002 0.401023890625 0.2534246578125 0.401023890625 0.2534246578125 0.402730375 0.2762557078125 0.40614334531249996 0.2899543375 0.40614334531249996 0.2899543375 0.402730375 0.28538812812500003 0.39931740625 0.2808219171875 0.397610921875 0.2716894984375 0.397610921875 0.2716894984375 0.3959044375 0.248858446875 0.3873720140625 0.237442921875 0.380546075 0.2100456625 0.378839590625 0.20547945156249997 0.380546075 0.20547945156249997 0.38907849843750003
2 0.180365296875 0.42320819062500004 0.1894977171875 0.43686006875 0.203196346875 0.441979521875 0.239726028125 0.44368600625 0.2442922375 0.441979521875 0.248858446875 0.43515358437499996 0.248858446875 0.4300341296875 0.239726028125 0.424914675 0.203196346875 0.4146757671875 0.1894977171875 0.4146757671875 0.1894977171875 0.416382253125 0.1826484015625 0.416382253125 0.180365296875 0.41808873750000003 0.180365296875 0.42320819062500004
2 0.2808219171875 0.4556314 0.28538812812500003 0.45904436875 0.30365296875 0.4658703078125 0.3173515984375 0.4692832765625 0.3401826484375 0.4692832765625 0.3401826484375 0.45904436875 0.342465753125 0.45904436875 0.34474885781250003 0.4556314 0.34474885781250003 0.45221842968750003 0.3401826484375 0.4488054609375 0.32648401875 0.44368600625 0.3173515984375 0.44368600625 0.3173515984375 0.441979521875 0.30593607343749996 0.441979521875 0.30593607343749996 0.4402730375 0.2876712328125 0.4402730375 0.2831050234375 0.44368600625 0.2831050234375 0.4488054609375 0.2808219171875 0.4488054609375 0.2808219171875 0.4556314
2 0.308219178125 0.42832764531249995 0.3127853875 0.43174061406249997 0.3287671234375 0.43686006875 0.3515981734375 0.4402730375 0.3698630140625 0.4402730375 0.37214611875000003 0.438566553125 0.3698630140625 0.42150170625000005 0.365296803125 0.41808873750000003 0.33789954375 0.4095563140625 0.3287671234375 0.4095563140625 0.3287671234375 0.4078498296875 0.3219178078125 0.4078498296875 0.308219178125 0.416382253125 0.308219178125 0.42832764531249995
2 0.4041095890625 0.4658703078125 0.41095890468749996 0.4692832765625 0.41552511406250003 0.4709897609375 0.424657534375 0.4709897609375 0.424657534375 0.4726962453125 0.43607305937499996 0.4726962453125 0.43607305937499996 0.4709897609375 0.45205479375 0.4709897609375 0.45205479375 0.4692832765625 0.46118721406249996 0.4692832765625 0.470319634375 0.4658703078125 0.4726027390625 0.464163821875 0.4726027390625 0.46075085312499997 0.46118721406249996 0.4556314 0.45205479375 0.4556314 0.45205479375 0.4539249140625 0.4337899546875 0.4539249140625 0.4337899546875 0.45221842968750003 0.424657534375 0.45221842968750003 0.424657534375 0.4539249140625 0.41552511406250003 0.4539249140625 0.4041095890625 0.45904436875 0.4041095890625 0.4658703078125
2 0.4840182640625 0.45221842968750003 0.488584475 0.45733788437499995 0.5091324203125 0.464163821875 0.5205479453125 0.464163821875 0.5205479453125 0.4658703078125 0.5662100453125001 0.4658703078125 0.5662100453125001 0.464163821875 0.5799086765625 0.464163821875 0.598173515625 0.46075085312499997 0.6027397265625 0.45733788437499995 0.6027397265625 0.45051194531250005 0.598173515625 0.4453924921875 0.59360730625 0.44368600625 0.5707762562500001 0.44368600625 0.5707762562500001 0.4453924921875 0.534246575 0.44709897656250003 0.5 0.44709897656250003 0.5 0.4488054609375 0.49086757968750006 0.4488054609375 0.4840182640625 0.45221842968750003
2 0.36073059375 0.48464163750000006 0.3630136984375 0.48634812343749995 0.378995434375 0.4931740609375 0.3858447484375 0.4931740609375 0.3858447484375 0.4948805453125 0.4041095890625 0.4948805453125 0.40639269375 0.49146757656249995 0.40639269375 0.48634812343749995 0.40867579843749996 0.48634812343749995 0.40867579843749996 0.47952218437500005 0.4041095890625 0.476109215625 0.390410959375 0.4709897609375 0.38356164375 0.4709897609375 0.38356164375 0.4692832765625 0.37214611875000003 0.4692832765625 0.37214611875000003 0.4675767921875 0.365296803125 0.4675767921875 0.36073059375 0.4692832765625 0.36073059375 0.48464163750000006
2 0.424657534375 0.50341296875 0.4269406390625 0.5068259390625001 0.43607305937499996 0.5119453921875 0.45205479375 0.517064846875 0.4634703203125 0.523890784375 0.5136986296875 0.5273037546875 0.518264840625 0.5290102390625 0.5251141546875 0.5273037546875 0.5273972609375 0.5307167234375 0.529680365625 0.5307167234375 0.529680365625 0.5273037546875 0.506849315625 0.5119453921875 0.4863013703125 0.5102389078125 0.4863013703125 0.5085324234375 0.47945205468749996 0.5085324234375 0.47945205468749996 0.5068259390625001 0.4726027390625 0.5068259390625001 0.4726027390625 0.5051194546875 0.46575342500000005 0.5051194546875 0.46575342500000005 0.50341296875 0.42922374375 0.501706484375 0.424657534375 0.50341296875
2 0.4863013703125 0.539249146875 0.511415525 0.5494880546875 0.529680365625 0.5529010234375 0.5502283109375 0.5529010234375 0.54794520625 0.5477815703125 0.5319634703125 0.5358361781250001 0.52283105 0.5324232078125 0.49086757968750006 0.5324232078125 0.4863013703125 0.5341296921875001 0.4863013703125 0.539249146875
2 0.5273972609375 0.55631399375 0.5319634703125 0.5597269625 0.5662100453125001 0.5733788390625 0.5844748859375 0.576791809375 0.609589040625 0.576791809375 0.609589040625 0.575085325 0.5958904109375001 0.564846415625 0.563926940625 0.5529010234375 0.5547945203125 0.5529010234375 0.5547945203125 0.5511945390624999 0.5273972609375 0.5511945390624999 0.5273972609375 0.55631399375
2 0.5799086765625 0.583617746875 0.5844748859375 0.5870307171875 0.5890410953125 0.5887372015625 0.6004566203125 0.5887372015625 0.6004566203125 0.5904436859375 0.6187214609375 0.5904436859375 0.6187214609375 0.5887372015625 0.6255707765625 0.5887372015625 0.62785388125 0.5853242328125 0.623287671875 0.5819112625 0.6141552515625001 0.57849829375 0.5799086765625 0.57849829375 0.5799086765625 0.583617746875
2 0.5958904109375001 0.619453925 0.6118721468749999 0.6313993171875001 0.6210045656250001 0.6348122859374999 0.62785388125 0.6348122859374999 0.62785388125 0.636518771875 0.6392694062500001 0.636518771875 0.646118721875 0.6331058015625 0.646118721875 0.6279863484375 0.6187214609375 0.6092150171874999 0.6141552515625001 0.6075085328125 0.6073059359374999 0.6075085328125 0.6073059359374999 0.6058020484375 0.60502283125 0.6058020484375 0.598173515625 0.6092150171874999 0.5958904109375001 0.6126279859375 0.5958904109375001 0.619453925
2 0.646118721875 0.658703071875 0.65068493125 0.6638225249999999 0.6643835609375001 0.67576791875 0.6712328765625 0.6791808875 0.69634703125 0.6791808875 0.7009132421875 0.677474403125 0.7009132421875 0.662116040625 0.680365296875 0.6484641640625 0.6712328765625 0.6450511953125 0.6552511421875 0.6450511953125 0.6552511421875 0.643344709375 0.6484018265625 0.643344709375 0.646118721875 0.6450511953125 0.646118721875 0.658703071875
2 0.6712328765625 0.6894197953125001 0.67351598125 0.6928327640624999 0.6780821921875 0.69795221875 0.7009132421875 0.7098976109375 0.7351598171875 0.7098976109375 0.7351598171875 0.7064846421875 0.7328767125 0.7064846421875 0.7328767125 0.699658703125 0.7305936078124999 0.699658703125 0.7305936078124999 0.6945392484374999 0.7237442921875 0.6894197953125001 0.7146118718750001 0.6860068265625 0.7054794515625 0.6860068265625 0.7054794515625 0.684300340625 0.7009132421875 0.684300340625 0.69634703125 0.6860068265625 0.68493150625 0.6860068265625 0.6826484015625 0.684300340625 0.6757990875 0.684300340625 0.6757990875 0.68259385625 0.6712328765625 0.68259385625 0.6712328765625 0.6894197953125001
2 0.7328767125 0.6962457343749999 0.7420091328125 0.7098976109375 0.7716894984375 0.7320819109375 0.7785388125 0.7320819109375 0.7785388125 0.7098976109375 0.773972603125 0.703071671875 0.7694063921875001 0.699658703125 0.7625570781250001 0.6962457343749999 0.7557077624999999 0.6962457343749999 0.7557077624999999 0.6945392484374999 0.7465753421875 0.6945392484374999 0.7465753421875 0.6928327640624999 0.7420091328125 0.6911262796875 0.7328767125 0.6911262796875 0.7328767125 0.6962457343749999
2 0.7237442921875 0.7133105796875 0.726027396875 0.7303754265625 0.8013698625 0.8088737203124999 0.8219178078124999 0.83959044375 0.8401826484375 0.8532423203124999 0.8926940640625001 0.9334470984375001 0.90639269375 0.9436860062499999 0.9155251140624999 0.9436860062499999 0.8584474890625 0.8208191125000001 0.8173515984374999 0.79522184375 0.7853881281249999 0.755972696875 0.739726028125 0.715017065625 0.7237442921875 0.7133105796875
2 0.877414821875 1 0.8767123281250001 0.9931740609374999 0.8744292234375 0.9931740609374999 0.8652968031249999 0.9641638218749999 0.8630136984375 0.9641638218749999 0.8630136984375 0.9590443687500001 0.8584474890625 0.9590443687500001 0.8561643828125 0.9795221843749999 0.8576864546875 1 0.877414821875 1