2 0.38709677343750004 0.8702422140625 0.3525345625 0.8840830453124999 0.24193548437499998 0.9671280281250001 0.24193548437499998 0.9809688578125 0.269585253125 0.9705882359375 0.29493087500000004 0.9394463671875 0.3248847921875 0.9290657437500001 0.3755760375 0.896193771875 0.4562211984375 0.84083045 0.47004608281250004 0.8217993078125 0.451612903125 0.8200692046875 0.42165898593750006 0.8356401390625001 0.38709677343750004 0.8702422140625
2 0.502304146875 0.6453287203125 0.4815668203125 0.652249134375 0.41474654375000003 0.716262975 0.30645161249999997 0.83217993125 0.29723502343749997 0.8598615921875 0.27880184375 0.8771626296875 0.2764976953125 0.896193771875 0.29723502343749997 0.9013840828124999 0.30645161249999997 0.86678200625 0.32718894062500004 0.8529411765624999 0.3502304140625 0.8166089968750001 0.4815668203125 0.6868512109375 0.53917050625 0.6418685125 0.5322580640625 0.6193771625 0.5069124421875 0.6280276812500001 0.502304146875 0.6453287203125
2 0.4723502296875 0.7647058828125 0.45391705 0.771626296875 0.4354838703125 0.7889273359375 0.417050690625 0.7975778546875001 0.3963133640625 0.8131487890625 0.3940092171875 0.8166089968750001 0.3940092171875 0.8269896187500001 0.4078341015625 0.8373702421875 0.42165898593750006 0.8356401390625001 0.4447004609375 0.8200692046875 0.45391705 0.794117646875 0.4723502296875 0.7820069203125 0.4792626734375 0.7733564015625001 0.4792626734375 0.7664359859375 0.4723502296875 0.7647058828125
2 0.47004608281250004 0.7249134953125 0.4654377875 0.7249134953125 0.4654377875 0.7266435984374999 0.45852534531250005 0.7266435984374999 0.4354838703125 0.7439446359375 0.42626728125 0.7560553640625 0.42626728125 0.7629757781250001 0.423963134375 0.7629757781250001 0.423963134375 0.7785467125000001 0.42626728125 0.7820069203125 0.43087557656250003 0.7820069203125 0.45391705 0.7595155703125 0.4654377875 0.7422145328124999 0.4654377875 0.73010380625 0.4677419359375 0.73010380625 0.47004608281250004 0.7249134953125
2 0.76728110625 0.652249134375 0.7972350234375 0.6038062281250001 0.77880184375 0.6055363328125 0.6866359453124999 0.6487889265625 0.61981566875 0.6989619375 0.576036865625 0.716262975 0.49308755781249997 0.785467128125 0.4884792625 0.7975778546875001 0.502304146875 0.8010380625 0.548387096875 0.783737025 0.5576036859375 0.7733564015625001 0.5552995390625 0.7525951562500001 0.56221198125 0.7456747406249999 0.6013824890625 0.723183390625 0.63133640625 0.716262975 0.69815668125 0.6782006921875 0.76728110625 0.652249134375
2 1 0.6695678265625 0.7764976953125 0.6712802765625 0.633640553125 0.7404844296875 0.6290322578125 0.7543252593750001 0.6635944703125001 0.7525951562500001 0.758064515625 0.6989619375 0.8963133640625 0.69031141875 1 0.6926354390625 1 0.6695678265625
2 0.60829493125 0.7491349484375001 0.59677419375 0.7491349484375001 0.576036865625 0.7595155703125 0.57373271875 0.7664359859375 0.576036865625 0.7681660906250001 0.582949309375 0.7681660906250001 0.582949309375 0.76989619375 0.60829493125 0.76989619375 0.6152073734375 0.7664359859375 0.6175115203125 0.7629757781250001 0.6175115203125 0.7595155703125 0.6129032265625 0.7525951562500001 0.60829493125 0.7491349484375001
2 1 0.636245675 0.9930875578125 0.6297577859375 0.9746543781250001 0.6245674734375 0.9285714281249999 0.6280276812500001 0.86866359375 0.6280276812500001 0.86866359375 0.6297577859375 0.8571428578125 0.6314878890625 0.8525345625 0.6401384078125 0.8617511515625 0.6470588234375 0.89170506875 0.6470588234375 0.89170506875 0.6453287203125 0.9224262671875 0.643598615625 0.9953917046875 0.6470588234375 1 0.64475201875 1 0.636245675
2 1 0.5765798578125 0.976958525 0.5847750859375 0.889400921875 0.58823529375 0.8732718890625 0.595155709375 0.8433179718750001 0.595155709375 0.8202764984375 0.6089965390625001 0.81797235 0.634948096875 0.831797234375 0.6366782 0.8617511515625 0.626297578125 0.8732718890625 0.6072664359375 0.89170506875 0.6055363328125 0.8963133640625 0.602076125 0.94930875625 0.602076125 0.963133640625 0.5968858125 0.9930875578125 0.595155709375 1 0.5916955015625 1 0.5765798578125
2 0.6635944703125001 0.6453287203125 0.7119815671875 0.61072664375 0.8502304140625 0.5397923875 0.9400921656250001 0.47750865 0.9746543781250001 0.4498269890625 0.9746543781250001 0.44117647031249996 0.9470046078125 0.44117647031249996 0.8986175109375001 0.4792387546875 0.7119815671875 0.5743944640625 0.6382488484375 0.6228373703125001 0.61981566875 0.6159169546875 0.599078340625 0.6366782 0.5576036859375 0.6418685125 0.5161290328125 0.688581315625 0.54608295 0.6868512109375 0.5529953921875 0.7024221453124999 0.56221198125 0.7041522484375 0.5691244234374999 0.66782006875 0.6013824890625 0.6470588234375 0.6175115203125 0.6453287203125 0.6244239625 0.657439446875 0.6359447 0.65916955 0.6635944703125001 0.6453287203125
2 0.1520737328125 0.8148788921874999 0.1520737328125 0.80968858125 0.1497695859375 0.807958478125 0.133640553125 0.802768165625 0.1290322578125 0.802768165625 0.12442396250000001 0.80968858125 0.12442396250000001 0.8217993078125 0.1267281109375 0.8235294124999999 0.1359447 0.8235294124999999 0.1359447 0.8252595156250001 0.158986175 0.8252595156250001 0.161290321875 0.8235294124999999 0.161290321875 0.8200692046875 0.1543778796875 0.8148788921874999 0.1520737328125 0.8148788921874999
2 0.741935484375 0.9256055359375001 0.5875576031249999 0.942906575 0.5668202765625 0.9480968859375001 0.5529953921875 0.958477509375 0.5552995390625 0.9653979234375001 0.57373271875 0.9705882359375 0.6036866359374999 0.9705882359375 0.684331796875 0.9550173015625001 0.7373271890625 0.95155709375 0.7511520734375 0.9463667812500001 0.7557603687500001 0.9394463671875 0.7511520734375 0.9290657437500001 0.741935484375 0.9256055359375001
2 0.052995392187500004 0.564013840625 0.0414746546875 0.564013840625 0.03917050625 0.5657439453124999 0.03917050625 0.5743944640625 0.036866359375000005 0.5743944640625 0.036866359375000005 0.579584775 0.043778801562500004 0.5830449828125001 0.048387096875 0.58823529375 0.059907834375 0.5847750859375 0.062211981250000006 0.5813148781249999 0.062211981250000006 0.572664359375 0.0576036859375 0.5674740484374999 0.052995392187500004 0.564013840625
2 0.110599078125 0.46366782031250003 0.1059907828125 0.46539792343749997 0.09907834062500001 0.475778546875 0.0921658984375 0.4809688578125 0.0921658984375 0.48788927343750005 0.0944700453125 0.4896193765625 0.1013824890625 0.4896193765625 0.1129032265625 0.4809688578125 0.11981566875 0.4705882359375 0.11981566875 0.46539792343749997 0.1175115203125 0.46366782031250003 0.110599078125 0.46366782031250003
2 0.0691244234375 0.46539792343749997 0.062211981250000006 0.46539792343749997 0.0576036859375 0.4723183390625 0.0576036859375 0.4948096890625 0.0645161296875 0.4948096890625 0.0668202765625 0.49307958437500005 0.0668202765625 0.48788927343750005 0.0691244234375 0.48788927343750005 0.0691244234375 0.4792387546875 0.071428571875 0.4792387546875 0.071428571875 0.46885813125000003 0.0691244234375 0.46539792343749997
2 0.0207373265625 0.5916955015625 0.018433179687500002 0.595155709375 0.0069124421874999994 0.5986159171875001 0.0046082953125 0.6003460203125 0.0046082953125 0.6072664359375 0.0069124421874999994 0.6072664359375 0.0069124421874999994 0.612456746875 0.009216590625 0.612456746875 0.018433179687500002 0.6089965390625001 0.023041475 0.6055363328125 0.018433179687500002 0.5986159171875001 0.023041475 0.5916955015625 0.0207373265625 0.5916955015625
2 0.0069124421874999994 0.652249134375 0.009216590625 0.6539792390625 0.0207373265625 0.6539792390625 0.023041475 0.65051903125 0.023041475 0.643598615625 0.0207373265625 0.6401384078125 0.013824884374999999 0.6401384078125 0.0069124421874999994 0.6453287203125 0.0069124421874999994 0.652249134375
2 0.07373271875000001 0.43771626250000006 0.076036865625 0.44117647031249996 0.0783410140625 0.44117647031249996 0.08525345625 0.43598615937499996 0.08755760312500001 0.4256055359375 0.08525345625 0.42214532812499994 0.082949309375 0.42214532812499994 0.0783410140625 0.4238754328125 0.076036865625 0.42733564062499996 0.07373271875000001 0.43771626250000006
2 0.7235023046875 0.4809688578125 0.7350230421874999 0.4723183390625 0.7373271890625 0.46885813125000003 0.7373271890625 0.46366782031250003 0.7350230421874999 0.46193771562499997 0.7165898625 0.46193771562499997 0.7165898625 0.46366782031250003 0.70967741875 0.46366782031250003 0.6935483875 0.4723183390625 0.684331796875 0.4792387546875 0.68202765 0.48269896250000005 0.6728110593750001 0.48788927343750005 0.6728110593750001 0.4896193765625 0.7004608296875 0.4861591703125 0.7004608296875 0.484429065625 0.7119815671875 0.484429065625 0.7119815671875 0.48269896250000005 0.718894009375 0.48269896250000005 0.7235023046875 0.4809688578125
2 0.5944700453125 0.52249135 0.5944700453125 0.5294117640625 0.5921658984375 0.5294117640625 0.5921658984375 0.532871971875 0.6013824890625 0.53114186875 0.61981566875 0.5173010375 0.6244239625 0.5103806234375 0.6244239625 0.5034602078125 0.61981566875 0.5034602078125 0.6013824890625 0.5121107265625 0.5944700453125 0.52249135