2 0.7359813078124999 0.3986013984375 0.733644859375 0.3881118875 0.6869158875 0.346153846875 0.6635514015624999 0.346153846875 0.640186915625 0.3671328671875 0.6495327109375 0.3828671328125 0.724299065625 0.409090909375 0.7359813078124999 0.3986013984375
2 0.9088785046875 0.5332167828125 0.9042056078125 0.5139860140625 0.876168225 0.49825174843750003 0.8037383171875 0.49650349687500006 0.8107476640625 0.5122377625000001 0.8411214953125 0.534965034375 0.859813084375 0.540209790625 0.8995327109375 0.540209790625 0.9088785046875 0.5332167828125
2 0.7383177562500001 0.7045454546875 0.7359813078124999 0.6888111890624999 0.6705607484375 0.6590909093749999 0.6635514015624999 0.6451048953125 0.6285046734375 0.6258741265625 0.5841121499999999 0.6241258734375 0.588785046875 0.6328671328125 0.6448598125 0.6590909093749999 0.69859813125 0.697552446875 0.7383177562500001 0.7045454546875
2 0.7219626171875 0.4702797203125 0.71962616875 0.45629370625 0.6705607484375 0.4265734265625 0.6378504671874999 0.3916083921875 0.623831775 0.3916083921875 0.6214953265625 0.41258741250000003 0.630841121875 0.428321678125 0.712616821875 0.475524475 0.7219626171875 0.4702797203125
2 1 0.5580723625 0.9532710281250001 0.5489510484375 0.9789719625 0.5751748250000001 1 0.5846153843749999 1 0.5580723625
2 0.411214953125 0.9020979015625 0.411214953125 0.8881118875 0.38084112187499997 0.846153846875 0.3551401875 0.8374125875 0.3504672890625 0.8583916078125 0.38084112187499997 0.8916083921875 0.411214953125 0.9020979015625
2 0.504672896875 0.45629370625 0.5 0.4510489515625 0.4813084109375 0.452797203125 0.43925233593749996 0.4860139859375 0.4813084109375 0.484265734375 0.504672896875 0.45629370625
2 0.36448598125 0.48951048906250005 0.359813084375 0.47727272656249997 0.348130840625 0.47727272656249997 0.32476635468750004 0.49300699375 0.3200934578125 0.5139860140625 0.3294392515625 0.515734265625 0.3551401875 0.5017482515625 0.36448598125 0.48951048906250005
2 0.40887850468750003 0.3041958046875 0.4135514015625 0.29020979062499996 0.3714953265625 0.28321678281249996 0.36448598125 0.29370629375 0.38084112187499997 0.302447553125 0.40887850468750003 0.3041958046875
2 0.6448598125 0.74300699375 0.640186915625 0.7290209796875 0.6074766359375 0.7202797203125 0.5864485984375001 0.722027971875 0.630841121875 0.74300699375 0.6448598125 0.74300699375
2 0.1799065421875 0.384615384375 0.17523364531250002 0.38111888125000004 0.1471962609375 0.377622378125 0.1448598125 0.3951048953125 0.1682242984375 0.3986013984375 0.1799065421875 0.384615384375