2 0.6620370375 0.5538194437499999 0.6504629625 0.5486111109375 0.6388888890625 0.565972221875 0.6296296296875 0.5920138890625 0.6203703703125 0.6006944437499999 0.5856481484375 0.652777778125 0.5833333328125 0.6822916671875 0.5879629625 0.684027778125 0.5925925921874999 0.6822916671875 0.6134259265625001 0.6510416671875 0.659722221875 0.5694444437499999 0.6620370375 0.5538194437499999
2 0.546296296875 0.6493055562500001 0.5416666671875 0.6649305562500001 0.5486111109375 0.6649305562500001 0.5555555562500001 0.6614583328125 0.5648148140625 0.652777778125 0.5740740734374999 0.640625 0.5740740734374999 0.6354166671875 0.597222221875 0.6197916671875 0.6111111109375 0.597222221875 0.6134259265625001 0.5868055562500001 0.60648148125 0.5833333328125 0.5949074078125001 0.5833333328125 0.578703703125 0.6024305562500001 0.5648148140625 0.6111111109375 0.553240740625 0.625 0.553240740625 0.6302083328125 0.5509259265625001 0.6302083328125 0.5509259265625001 0.6423611109375 0.5486111109375 0.6423611109375 0.5486111109375 0.6493055562500001 0.546296296875 0.6493055562500001
2 0.5694444437499999 0.5416666671875 0.5740740734374999 0.5833333328125 0.5763888890625 0.5850694437499999 0.5879629625 0.5833333328125 0.5995370375 0.5677083328125 0.5995370375 0.559027778125 0.5925925921874999 0.5555555562500001 0.5879629625 0.5486111109375 0.5995370375 0.534722221875 0.5995370375 0.527777778125 0.6226851859375 0.5052083328125 0.6273148140625 0.49305555625 0.6365740734374999 0.484375 0.6365740734374999 0.4791666671875 0.6296296296875 0.4791666671875 0.6203703703125 0.484375 0.5694444437499999 0.5416666671875
2 0.5324074078125001 0.6232638890625 0.5509259265625001 0.6076388890625 0.553240740625 0.6041666671875 0.553240740625 0.597222221875 0.5509259265625001 0.59375 0.546296296875 0.59375 0.5416666671875 0.5954861109375 0.5046296296875 0.6197916671875 0.5046296296875 0.625 0.5023148140625 0.625 0.5023148140625 0.6336805562500001 0.509259259375 0.6336805562500001 0.51851851875 0.628472221875 0.5324074078125001 0.6232638890625
2 0.5648148140625 0.5104166671875 0.5555555562500001 0.5138888890625 0.54398148125 0.5225694437499999 0.54398148125 0.5295138890625 0.546296296875 0.53125 0.5671296296875 0.53125 0.58101851875 0.5208333328125 0.5833333328125 0.5173611109375 0.5833333328125 0.5104166671875 0.5648148140625 0.5104166671875
2 0.5555555562500001 0.5052083328125 0.5486111109375 0.5017361109375 0.527777778125 0.5017361109375 0.51851851875 0.5052083328125 0.5115740734374999 0.5138888890625 0.5115740734374999 0.5243055562500001 0.51851851875 0.527777778125 0.527777778125 0.527777778125 0.5416666671875 0.5225694437499999 0.5555555562500001 0.512152778125 0.5555555562500001 0.5052083328125
2 0.5069444437499999 0.581597221875 0.5254629625 0.574652778125 0.5300925921874999 0.5711805562500001 0.5324074078125001 0.5520833328125 0.534722221875 0.5520833328125 0.5370370375 0.5486111109375 0.5370370375 0.543402778125 0.5324074078125001 0.5416666671875 0.5138888890625 0.5416666671875 0.509259259375 0.543402778125 0.5046296296875 0.5486111109375 0.5023148140625 0.5729166671875 0.49768518593750005 0.5798611109375 0.5 0.581597221875 0.5069444437499999 0.581597221875
2 0.5046296296875 0.6024305562500001 0.5231481484375 0.597222221875 0.5300925921874999 0.5920138890625 0.5300925921874999 0.5833333328125 0.5138888890625 0.5694444437499999 0.509259259375 0.5694444437499999 0.47453703750000004 0.5833333328125 0.47453703750000004 0.59375 0.4768518515625 0.59375 0.4768518515625 0.5989583328125 0.48379629687500003 0.6041666671875 0.4953703703125 0.6041666671875 0.4953703703125 0.6024305562500001 0.5046296296875 0.6024305562500001
2 0.4074074078125 0.6232638890625 0.44444444375 0.625 0.46296296249999996 0.6163194437499999 0.4768518515625 0.605902778125 0.4768518515625 0.6024305562500001 0.47453703750000004 0.6006944437499999 0.45370370312499997 0.6006944437499999 0.45370370312499997 0.6024305562500001 0.44444444375 0.6024305562500001 0.43055555625 0.6076388890625 0.428240740625 0.6111111109375 0.42129629687500003 0.6111111109375 0.4143518515625 0.6145833328125 0.4074074078125 0.621527778125 0.4074074078125 0.6232638890625
2 0.4143518515625 0.5833333328125 0.4143518515625 0.581597221875 0.4236111109375 0.581597221875 0.4236111109375 0.5798611109375 0.4328703703125 0.5798611109375 0.4328703703125 0.578125 0.46296296249999996 0.578125 0.46527777812500004 0.5763888890625 0.46527777812500004 0.5572916671875 0.45370370312499997 0.5399305562500001 0.43981481406249995 0.5399305562500001 0.42129629687500003 0.5451388890625 0.40046296249999996 0.5555555562500001 0.391203703125 0.5642361109375 0.391203703125 0.5711805562500001 0.39351851875 0.574652778125 0.3958333328125 0.574652778125 0.3958333328125 0.5833333328125 0.4143518515625 0.5833333328125
2 0.40046296249999996 0.48090277812500004 0.4074074078125 0.48090277812500004 0.4074074078125 0.4826388890625 0.43518518593750005 0.4826388890625 0.43981481406249995 0.48090277812500004 0.4421296296875 0.47743055625 0.4421296296875 0.4670138890625 0.428240740625 0.45659722187499996 0.41898148125 0.453125 0.41203703750000004 0.453125 0.41203703750000004 0.4513888890625 0.3981481484375 0.4479166671875 0.3796296296875 0.4513888890625 0.3773148140625 0.4548611109375 0.3773148140625 0.46875 0.3865740734375 0.47569444375 0.40046296249999996 0.48090277812500004
2 0.3125 0.44444444375 0.31944444375000003 0.4479166671875 0.3333333328125 0.4479166671875 0.34027777812500004 0.44444444375 0.34027777812500004 0.4392361109375 0.3425925921875 0.4392361109375 0.3425925921875 0.4375 0.34027777812500004 0.4375 0.34027777812500004 0.43055555625 0.3379629625 0.4270833328125 0.328703703125 0.421875 0.3240740734375 0.421875 0.3148148140625 0.42881944375 0.3101851859375 0.4357638890625 0.3101851859375 0.44097222187499996 0.3125 0.44444444375
2 0.3449074078125 0.4791666671875 0.3541666671875 0.47222222187499996 0.35648148125 0.46875 0.35648148125 0.4583333328125 0.358796296875 0.4583333328125 0.358796296875 0.4548611109375 0.35648148125 0.4548611109375 0.35648148125 0.44965277812500004 0.3495370375 0.44444444375 0.3263888890625 0.4375 0.31944444375000003 0.44618055625 0.31944444375000003 0.4583333328125 0.33101851875 0.4739583328125 0.3379629625 0.4791666671875 0.3449074078125 0.4791666671875
2 0.3981481484375 0.5052083328125 0.40277777812500004 0.5069444437499999 0.42129629687500003 0.5069444437499999 0.42129629687500003 0.5086805562500001 0.46296296249999996 0.5069444437499999 0.46296296249999996 0.5052083328125 0.4699074078125 0.5052083328125 0.4699074078125 0.503472221875 0.46527777812500004 0.5017361109375 0.4583333328125 0.5017361109375 0.4583333328125 0.5 0.4421296296875 0.49652777812500004 0.428240740625 0.49652777812500004 0.428240740625 0.4947916671875 0.4074074078125 0.4947916671875 0.3981481484375 0.5 0.3981481484375 0.5052083328125
2 0.358796296875 0.5295138890625 0.3773148140625 0.5295138890625 0.45601851875 0.5225694437499999 0.4606481484375 0.519097221875 0.4583333328125 0.515625 0.42592592656250006 0.5138888890625 0.384259259375 0.5138888890625 0.3611111109375 0.515625 0.3611111109375 0.5173611109375 0.3495370375 0.5173611109375 0.34722222187499996 0.519097221875 0.34722222187499996 0.5243055562500001 0.3518518515625 0.527777778125 0.358796296875 0.527777778125 0.358796296875 0.5295138890625
2 0.3541666671875 0.5104166671875 0.375 0.5104166671875 0.4074074078125 0.5069444437499999 0.4074074078125 0.5052083328125 0.40277777812500004 0.503472221875 0.3958333328125 0.503472221875 0.39351851875 0.5 0.3796296296875 0.49652777812500004 0.34027777812500004 0.4982638890625 0.3333333328125 0.5017361109375 0.3333333328125 0.5069444437499999 0.3379629625 0.5086805562500001 0.3541666671875 0.5086805562500001 0.3541666671875 0.5104166671875
2 0.3333333328125 0.527777778125 0.34027777812500004 0.5243055562500001 0.3449074078125 0.5208333328125 0.3449074078125 0.515625 0.3425925921875 0.5138888890625 0.3333333328125 0.5138888890625 0.3333333328125 0.512152778125 0.31944444375000003 0.512152778125 0.31944444375000003 0.5104166671875 0.3101851859375 0.512152778125 0.3101851859375 0.5295138890625 0.3125 0.53125 0.31944444375000003 0.53125 0.3333333328125 0.527777778125
2 0.40972222187499996 0.7100694437499999 0.41203703750000004 0.7100694437499999 0.41203703750000004 0.715277778125 0.42129629687500003 0.715277778125 0.43518518593750005 0.7083333328125 0.44444444375 0.699652778125 0.446759259375 0.6892361109375 0.4421296296875 0.6857638890625 0.4375 0.684027778125 0.428240740625 0.684027778125 0.428240740625 0.6857638890625 0.42129629687500003 0.6857638890625 0.4143518515625 0.6927083328125 0.4143518515625 0.6979166671875 0.41203703750000004 0.6979166671875 0.41203703750000004 0.7083333328125 0.40972222187499996 0.7083333328125 0.40972222187499996 0.7100694437499999
2 0.3726851859375 0.659722221875 0.3796296296875 0.659722221875 0.38194444375000003 0.6579861109375 0.3888888890625 0.6475694437499999 0.3888888890625 0.6423611109375 0.384259259375 0.6388888890625 0.36805555624999997 0.6388888890625 0.3518518515625 0.6423611109375 0.3333333328125 0.652777778125 0.3333333328125 0.65625 0.34027777812500004 0.6631944437499999 0.3541666671875 0.6631944437499999 0.3541666671875 0.6614583328125 0.3726851859375 0.6614583328125 0.3726851859375 0.659722221875
2 0.3171296296875 0.637152778125 0.3263888890625 0.644097221875 0.3379629625 0.6493055562500001 0.3449074078125 0.6493055562500001 0.35648148125 0.644097221875 0.35648148125 0.640625 0.365740740625 0.6302083328125 0.365740740625 0.621527778125 0.3541666671875 0.6163194437499999 0.3379629625 0.6163194437499999 0.3379629625 0.6145833328125 0.31944444375000003 0.612847221875 0.303240740625 0.6197916671875 0.2916666671875 0.628472221875 0.2916666671875 0.6302083328125 0.296296296875 0.6319444437499999 0.3171296296875 0.637152778125
2 0.2893518515625 0.6875 0.2893518515625 0.6892361109375 0.303240740625 0.6892361109375 0.3125 0.6857638890625 0.3240740734375 0.6770833328125 0.3263888890625 0.6736111109375 0.3356481484375 0.6666666671875 0.3356481484375 0.6614583328125 0.328703703125 0.6579861109375 0.30555555624999997 0.6579861109375 0.2870370375 0.6614583328125 0.27777777812500004 0.6649305562500001 0.26851851875 0.671875 0.266203703125 0.675347221875 0.266203703125 0.6805555562500001 0.2824074078125 0.6875 0.2893518515625 0.6875
2 0.3865740734375 0.41319444375 0.39351851875 0.421875 0.3958333328125 0.421875 0.3958333328125 0.4270833328125 0.3981481484375 0.4270833328125 0.3981481484375 0.4322916671875 0.40046296249999996 0.4322916671875 0.40046296249999996 0.4375 0.40277777812500004 0.4375 0.40277777812500004 0.4479166671875 0.4050925921875 0.4479166671875 0.4050925921875 0.45659722187499996 0.4166666671875 0.4635416671875 0.41898148125 0.4635416671875 0.41898148125 0.43055555625 0.4166666671875 0.43055555625 0.4166666671875 0.4236111109375 0.4143518515625 0.4201388890625 0.40972222187499996 0.41840277812500004 0.3958333328125 0.40625 0.391203703125 0.4045138890625 0.384259259375 0.4045138890625 0.384259259375 0.4079861109375 0.3865740734375 0.4079861109375 0.3865740734375 0.41319444375
2 0.3773148140625 0.390625 0.3796296296875 0.38715277812500004 0.3796296296875 0.3802083328125 0.375 0.3767361109375 0.3703703703125 0.375 0.3611111109375 0.375 0.3611111109375 0.3732638890625 0.3541666671875 0.3732638890625 0.3495370375 0.3767361109375 0.3495370375 0.3888888890625 0.35648148125 0.39409722187499996 0.3726851859375 0.39409722187499996 0.3773148140625 0.390625
2 0.33101851875 0.3541666671875 0.328703703125 0.35243055624999997 0.31944444375000003 0.35243055624999997 0.3171296296875 0.3541666671875 0.3171296296875 0.359375 0.3240740734375 0.37152777812500004 0.328703703125 0.37152777812500004 0.328703703125 0.3645833328125 0.33101851875 0.3645833328125 0.33101851875 0.3541666671875
2 0.296296296875 0.42534722187499996 0.303240740625 0.42534722187499996 0.303240740625 0.4270833328125 0.3125 0.4270833328125 0.3125 0.42534722187499996 0.328703703125 0.42534722187499996 0.328703703125 0.41319444375 0.31944444375000003 0.4045138890625 0.29398148125 0.39930555624999997 0.2800925921875 0.39930555624999997 0.2754629625 0.4010416671875 0.2731481484375 0.40625 0.2754629625 0.40625 0.2754629625 0.4114583328125 0.2824074078125 0.41840277812500004 0.296296296875 0.42534722187499996
2 0.266203703125 0.4704861109375 0.266203703125 0.47569444375 0.2731481484375 0.484375 0.27777777812500004 0.4861111109375 0.2893518515625 0.4861111109375 0.2893518515625 0.4670138890625 0.296296296875 0.46180555625 0.296296296875 0.4427083328125 0.29398148125 0.4427083328125 0.29398148125 0.4375 0.2870370375 0.43055555625 0.2800925921875 0.4270833328125 0.2708333328125 0.4270833328125 0.266203703125 0.42881944375 0.2615740734375 0.43402777812500004 0.2638888890625 0.4704861109375 0.266203703125 0.4704861109375
2 0.2615740734375 0.37152777812500004 0.2638888890625 0.37152777812500004 0.2638888890625 0.36805555624999997 0.259259259375 0.36284722187499996 0.2546296296875 0.36284722187499996 0.2546296296875 0.36805555624999997 0.2523148140625 0.36805555624999997 0.2523148140625 0.38715277812500004 0.2546296296875 0.390625 0.25694444375000003 0.390625 0.2615740734375 0.3854166671875 0.2615740734375 0.37152777812500004
2 0.222222221875 0.4166666671875 0.222222221875 0.41840277812500004 0.22685185156249998 0.41840277812500004 0.23379629687499998 0.40972222187499996 0.2384259265625 0.3958333328125 0.23611111093749998 0.3958333328125 0.23611111093749998 0.390625 0.22916666718749998 0.3854166671875 0.22453703749999998 0.3854166671875 0.2199074078125 0.38715277812500004 0.21064814843750002 0.3958333328125 0.21064814843750002 0.40625 0.21296296250000002 0.40625 0.21296296250000002 0.41319444375 0.215277778125 0.4166666671875 0.222222221875 0.4166666671875
2 0.15972222187500001 0.46006944375 0.1643518515625 0.4635416671875 0.16898148125 0.46527777812500004 0.178240740625 0.46527777812500004 0.178240740625 0.4670138890625 0.1875 0.4670138890625 0.1921296296875 0.46527777812500004 0.19444444375 0.46180555625 0.19444444375 0.4479166671875 0.1921296296875 0.44444444375 0.1828703703125 0.4375 0.1574074078125 0.43055555625 0.1550925921875 0.4322916671875 0.1550925921875 0.4375 0.15277777812499999 0.4375 0.15277777812499999 0.4427083328125 0.1550925921875 0.4427083328125 0.1550925921875 0.453125 0.15972222187500001 0.46006944375
2 0.21296296250000002 0.5225694437499999 0.23148148124999998 0.53125 0.2384259265625 0.53125 0.2384259265625 0.5329861109375 0.2523148140625 0.5329861109375 0.2523148140625 0.53125 0.2638888890625 0.53125 0.2731481484375 0.527777778125 0.27777777812500004 0.5243055562500001 0.2800925921875 0.5173611109375 0.25 0.503472221875 0.24305555625 0.503472221875 0.24305555625 0.5017361109375 0.23148148124999998 0.5017361109375 0.23148148124999998 0.5 0.21296296250000002 0.5 0.21064814843750002 0.5017361109375 0.21064814843750002 0.512152778125 0.20833333281250002 0.512152778125 0.20833333281250002 0.515625 0.21296296250000002 0.5225694437499999
2 0.266203703125 0.5694444437499999 0.266203703125 0.5677083328125 0.2453703703125 0.550347221875 0.22916666718749998 0.543402778125 0.20601851875000002 0.5399305562500001 0.1921296296875 0.5399305562500001 0.1875 0.5416666671875 0.1875 0.5451388890625 0.1990740734375 0.5555555562500001 0.25 0.5763888890625 0.25694444375000003 0.5763888890625 0.266203703125 0.5694444437499999
2 0.7199074078125001 0.578125 0.7199074078125001 0.5520833328125 0.7175925921874999 0.5486111109375 0.7083333328125 0.5486111109375 0.70601851875 0.550347221875 0.70601851875 0.5555555562500001 0.703703703125 0.5555555562500001 0.703703703125 0.5625 0.7013888890625 0.5625 0.703703703125 0.5729166671875 0.7106481484375 0.578125 0.7199074078125001 0.578125
2 0.8151709390624999 1 0.8171296296874999 0.980902778125 0.8263888890625 0.9739583328125001 0.828703703125 0.8993055562500001 0.8263888890625 0.8802083328125001 0.8240740734375 0.8767361109375 0.8148148140625 0.8767361109375 0.803240740625 0.8854166671874999 0.796296296875 0.9392361109375 0.777777778125 0.956597221875 0.7754629625 0.9739583328125001 0.766203703125 0.980902778125 0.76851851875 1 0.8151709390624999 1
2 0.891203703125 0.956597221875 0.902777778125 0.9861111109375 0.9351851859375 0.9670138890625 0.9259259265625 0.9461805562500001 0.91898148125 0.9045138890625 0.9375 0.8454861109375 0.9328703703125001 0.8125 0.921296296875 0.793402778125 0.9050925921875 0.7795138890625 0.891203703125 0.777777778125 0.8819444437499999 0.7708333328125 0.865740740625 0.7708333328125 0.85648148125 0.78125 0.85648148125 0.9201388890625 0.891203703125 0.956597221875
2 1 0.8726851859375 0.990740740625 0.8611111109375 0.98148148125 0.8298611109375 0.9444444437499999 0.769097221875 0.91898148125 0.7430555562500001 0.909722221875 0.7395833328125 0.891203703125 0.7517361109375 0.891203703125 0.7604166671875 0.9050925921875 0.784722221875 0.946759259375 0.828125 0.965277778125 0.9114583328125001 0.9791666671874999 0.934027778125 0.9953703703125001 0.934027778125 1 0.938078703125 1 0.8726851859375
2 0.25694444375000003 0.875 0.25694444375000003 0.8350694437499999 0.2546296296875 0.831597221875 0.2476851859375 0.831597221875 0.2384259265625 0.8368055562500001 0.2384259265625 0.8524305562500001 0.240740740625 0.8524305562500001 0.240740740625 0.859375 0.2453703703125 0.8680555562500001 0.2523148140625 0.8767361109375 0.2546296296875 0.8767361109375 0.25694444375000003 0.875
2 0.2870370375 0.887152778125 0.2754629625 0.8802083328125001 0.2708333328125 0.8802083328125001 0.26851851875 0.8819444437499999 0.26851851875 0.8923611109375 0.2708333328125 0.894097221875 0.2800925921875 0.894097221875 0.2800925921875 0.8958333328125001 0.2824074078125 0.8958333328125001 0.2870370375 0.894097221875 0.2870370375 0.887152778125