0 0.26875 0.2296875 0.3104166671875 0.134375 0.2833333328125 0.15 0.2708333328125 0.1765625 0.0916666671875 0.625 0.0895833328125 0.640625 0.16458333281249998 0.515625 0.2166666671875 0.4109375 0.26875 0.2296875
1 0.5916666671875 0.5 0.5895833328125 0.4671875 0.49375 0.6609375 0.46875 0.7390625 0.48125 0.75625 0.5270833328125 0.6875 0.5916666671875 0.5
1 0.40416666718750005 0.9671875 0.4291666671875 0.8734375 0.475 0.7890625 0.4583333328125 0.771875 0.4458333328125 0.7796875 0.39791666718749996 0.9046875 0.3458333328125 0.9984375 0.3854166671875 0.9984375 0.40416666718750005 0.9671875
1 0.475 0.5359375 0.49375 0.54375 0.5145833328125 0.575 0.53125 0.5828125 0.5333333328125 0.575 0.5 0.5125 0.44375 0.4265625 0.40208333281249997 0.3125 0.3895833328125 0.2984375 0.38333333281250004 0.3 0.38125 0.3125 0.40625 0.359375 0.4479166671875 0.490625 0.475 0.5359375
1 0.1833333328125 0 0.1833333328125 0.29375 0.1916666671875 0.3234375 0.20833333281250002 0.328125 0.2208333328125 0.309375 0.2125 0 0.1833333328125 0
0 0.1458333328125 0.5765625 0.1375 0.5828125 0.11041666718750001 0.7015625 0.1020833328125 0.7625 0.12291666718750001 0.765625 0.1395833328125 0.675 0.1458333328125 0.5765625
0 0.3333333328125 0.6421875 0.33125 0.6609375 0.45208333281249996 0.7578125 0.45208333281249996 0.7296875 0.3333333328125 0.6421875
0 0.26875 0.584375 0.20416666718749998 0.5328125 0.2 0.5359375 0.23333333281250002 0.5765625 0.2708333328125 0.6 0.26875 0.584375
1 0.6270833328125 0.3453125 0.6541666671875 0.4875 0.6854166671875 0.528125 0.6875 0.5078125 0.65625 0.3546875 0.6333333328124999 0.275 0.5541666671875001 0.0796875 0.5104166671875 0.0125 0.48541666718750004 0.0125 0.5020833328125 0.06875 0.5916666671875 0.240625 0.6270833328125 0.3453125
1 0.7604166671875 0.815625 0.70625 0.6015625 0.6666666671875 0.5453125 0.71875 0.778125 0.73125 0.790625 0.7479166671875 0.7953125 0.7604166671875 0.815625
0 0.9270833328125001 0 0.9166666671874999 0.0703125 0.9 0.35 0.9083333328125001 0.4546875 0.9208333328125 0.4546875 0.9291666671875 0.3671875 0.9354166671874999 0 0.9270833328125001 0
0 0.7541666671875 0.4125 0.7375 0.3234375 0.7145833328125 0.278125 0.7333333328125 0.128125 0.7166666671875 0.1546875 0.7 0.221875 0.70625 0.3296875 0.73125 0.39375 0.74375 0.4109375 0.7541666671875 0.4125
0 0.525 0.9984375 0.5416666671875 0.9984375 0.575 0.9359375 0.575 0.928125 0.5875 0.9 0.5875 0.8828125 0.5791666671875 0.8796875 0.5729166671875 0.8875 0.5708333328124999 0.9 0.5458333328125 0.9609375 0.5416666671875 0.9640625 0.525 0.9984375
0 0.6104166671875 0.846875 0.6104166671875 0.8421875 0.60625 0.8375 0.60625 0.821875 0.6083333328125 0.821875 0.6104166671875 0.8078125 0.6145833328125 0.8046875 0.61875 0.790625 0.625 0.7859375 0.64375 0.7578125 0.6458333328125 0.746875 0.6333333328124999 0.7484375 0.60625 0.790625 0.6020833328124999 0.80625 0.6 0.80625 0.5958333328125 0.821875 0.59375 0.821875 0.5916666671875 0.8359375 0.5979166671875 0.8421875 0.60625 0.846875 0.6104166671875 0.846875
0 0.4770833328125 0.8671875 0.48333333281249996 0.8640625 0.49583333281249997 0.8484375 0.50625 0.8265625 0.5125 0.81875 0.5125 0.8140625 0.5104166671875 0.8140625 0.5104166671875 0.809375 0.5083333328124999 0.8078125 0.5041666671875 0.80625 0.5 0.8078125 0.49375 0.81875 0.48541666718750004 0.8265625 0.47291666718750003 0.85 0.46875 0.859375 0.46875 0.865625 0.47083333281249995 0.8671875 0.4770833328125 0.8671875
0 0.5229166671875001 0.790625 0.5291666671875 0.7890625 0.56875 0.73125 0.56875 0.7265625 0.5729166671875 0.725 0.5729166671875 0.71875 0.575 0.71875 0.5791666671875 0.709375 0.575 0.709375 0.5270833328125 0.76875 0.5270833328125 0.7734375 0.5229166671875001 0.775 0.51875 0.78125 0.5229166671875001 0.790625
0 0.5354166671875 0.778125 0.55625 0.79375 0.5791666671875 0.815625 0.5916666671875 0.825 0.5958333328125 0.825 0.6 0.815625 0.6 0.803125 0.5958333328125 0.7984375 0.5645833328125 0.771875 0.55 0.7625 0.5416666671875 0.7625 0.5395833328124999 0.7640625 0.5395833328124999 0.7703125 0.5375 0.7703125 0.5354166671875 0.7734375 0.5354166671875 0.778125
0 0.49583333281249997 0.753125 0.49583333281249997 0.7578125 0.5208333328125 0.7703125 0.5270833328125 0.771875 0.5333333328125 0.765625 0.5333333328125 0.7609375 0.5354166671875 0.7609375 0.5354166671875 0.7546875 0.50625 0.7328125 0.5020833328125 0.7328125 0.5 0.734375 0.49583333281249997 0.74375 0.49583333281249997 0.75 0.49375 0.75 0.49375 0.753125 0.49583333281249997 0.753125
0 0.4291666671875 0.6796875 0.44375 0.7046875 0.45208333281249996 0.7125 0.45416666718750004 0.7328125 0.45625 0.7359375 0.4625 0.7359375 0.46875 0.728125 0.46875 0.7234375 0.47083333281249995 0.7234375 0.47083333281249995 0.715625 0.4375 0.675 0.4291666671875 0.6671875 0.4270833328125 0.6671875 0.4270833328125 0.6703125 0.4291666671875 0.6703125 0.4291666671875 0.6796875
1 0.39791666718749996 0.834375 0.39791666718749996 0.853125 0.40416666718750005 0.85625 0.4125 0.85625 0.41875 0.853125 0.42083333281249996 0.85 0.42083333281249996 0.8421875 0.42291666718750004 0.8421875 0.42291666718750004 0.83125 0.42083333281249996 0.83125 0.42083333281249996 0.8234375 0.41875 0.8234375 0.41875 0.81875 0.4166666671875 0.815625 0.4145833328125 0.815625 0.4145833328125 0.80625 0.4125 0.80625 0.4125 0.8015625 0.41041666718750003 0.8015625 0.41041666718750003 0.80625 0.40625 0.8078125 0.40625 0.8140625 0.40416666718750005 0.8140625 0.40208333281249997 0.8296875 0.4 0.8296875 0.4 0.834375 0.39791666718749996 0.834375