2 0.3848920859375 0.9258373203125 0.3974820140625 0.9258373203125 0.4010791359375 0.8827751203125 0.383093525 0.56220095625 0.35791366875 0.5526315796875 0.35431654687499997 0.5861244015625 0.37410071875 0.9043062203125001 0.3848920859375 0.9258373203125
2 0.399280575 0.73923445 0.40827338125 0.7344497609375 0.4172661875 0.62200956875 0.4136690640625 0.4186602875 0.40647482031250004 0.31818181874999996 0.39568345312500003 0.3062200953125 0.386690646875 0.3229665078125 0.39568345312500003 0.45933014375000003 0.39208633125 0.7224880375 0.399280575 0.73923445
2 0.3489208640625 0.5382775125 0.35791366875 0.5358851671875 0.3597122296875 0.5047846890625001 0.3327338125 0.2870813390625 0.30935251875 0.251196171875 0.3021582734375 0.2129186609375 0.2769784171875 0.188995215625 0.26258992812500004 0.1363636359375 0.237410071875 0.09569377968750001 0.22482014375 0.0933014359375 0.21762589999999998 0.12440191406250001 0.2320143890625 0.1626794265625 0.2320143890625 0.18181818125 0.253597121875 0.2033492828125 0.2643884890625 0.25837320625000004 0.2805755390625 0.291866028125 0.30035971250000004 0.44976076562499995 0.3219424453125 0.5167464109375 0.3489208640625 0.5382775125
2 0.27517985624999997 0.3755980859375 0.2823741 0.368421053125 0.2517985609375 0.2129186609375 0.237410071875 0.1842105265625 0.22661870468749998 0.1842105265625 0.2230215828125 0.1961722484375 0.23381295 0.22009569375 0.237410071875 0.26794258437499996 0.2679856109375 0.3660287078125 0.27517985624999997 0.3755980859375
2 0.17985611562499998 0.35406698593749997 0.1816546765625 0.351674640625 0.1816546765625 0.3444976078125 0.1834532375 0.3444976078125 0.1834532375 0.330143540625 0.1852517984375 0.330143540625 0.1852517984375 0.291866028125 0.1816546765625 0.2775119625 0.1780575546875 0.2775119625 0.17625899218750002 0.27990430625 0.1726618703125 0.3062200953125 0.17446043125 0.3062200953125 0.17625899218750002 0.351674640625 0.17985611562499998 0.35406698593749997
2 0.1061151078125 0.33971291875 0.10791366875 0.3373205734375 0.10791366875 0.31818181874999996 0.1061151078125 0.3133971296875 0.100719425 0.30861244062500004 0.0971223015625 0.30861244062500004 0.0971223015625 0.330143540625 0.0989208640625 0.33492822968749997 0.10251798593749999 0.33971291875 0.1061151078125 0.33971291875
2 0.13129496406250002 0.411483253125 0.133093525 0.409090909375 0.13129496406250002 0.401913875 0.12589928125 0.392344496875 0.12050359687500001 0.387559809375 0.116906475 0.389952153125 0.116906475 0.39952153125 0.1223021578125 0.409090909375 0.12589928125 0.411483253125 0.13129496406250002 0.411483253125
2 0.1942446046875 0.22009569375 0.20143884843749998 0.21770335 0.212230215625 0.1746411484375 0.21762589999999998 0.10047846875 0.2230215828125 0.0669856453125 0.2230215828125 0.0454545453125 0.2194244609375 0.0382775125 0.20863309375 0.047846890625 0.1942446046875 0.090909090625 0.19064748125 0.110047846875 0.1888489203125 0.208133971875 0.1942446046875 0.22009569375
2 0.04602338125 0.8745526312499999 0.0557553953125 0.8732057421875 0.05755395625 0.8708133968749999 0.0568381296875 0.8628301437499999 0.0557553953125 0.8564593296874999 0.0486276984375 0.85723445 0.044420864062499996 0.8617631578125 0.044821942187500005 0.8692248796875001 0.044420864062499996 0.8700239234374999 0.04602338125 0.8713564593750001 0.04602338125 0.8745526312499999
2 0.0652589921875 0.880377990625 0.068856115625 0.8827703343750001 0.07571942499999999 0.8835598093750001 0.08256654687500001 0.8765000000000001 0.0892410078125 0.8698947374999999 0.09009712187499999 0.865112440625 0.0911241 0.8614689 0.08393525156250001 0.8480311 0.069043165625 0.8664784687499999 0.0666456828125 0.8726291859374999 0.0652589921875 0.8779856453124999 0.0652589921875 0.880377990625
2 0.0971223015625 0.7846889953125 0.100719425 0.77990430625 0.100719425 0.767942584375 0.0989208640625 0.767942584375 0.0989208640625 0.75837320625 0.0971223015625 0.75837320625 0.0971223015625 0.751196171875 0.095323740625 0.7464114828125 0.08633093593749999 0.7344497609375 0.07374100781250001 0.7344497609375 0.0719424453125 0.7368421046875 0.0719424453125 0.751196171875 0.07553956875 0.7535885171875 0.07553956875 0.76076555 0.0827338125 0.770334928125 0.0845323734375 0.7751196171875 0.0935251796875 0.7846889953125 0.0971223015625 0.7846889953125
2 0.0647482015625 0.990430621875 0.07014388437499999 0.9832535890624999 0.0719424453125 0.9736842109375001 0.07014388437499999 0.9736842109375001 0.07014388437499999 0.9665071765625 0.0665467625 0.9593301437499999 0.062949640625 0.9593301437499999 0.059352518750000006 0.9641148328125 0.0557553953125 0.9736842109375001 0.0557553953125 0.9832535890624999 0.0611510796875 0.990430621875 0.0647482015625 0.990430621875
2 0.0503597125 0.930622009375 0.062949640625 0.9138755984375001 0.0647482015625 0.9066985640624999 0.062949640625 0.9043062203125001 0.0557553953125 0.9066985640624999 0.0503597125 0.9138755984375001 0.04136690625 0.92105263125 0.039568345312499996 0.930622009375 0.0503597125 0.930622009375
2 0.19784172656250001 0.8157894734375001 0.20503597187499997 0.8110047843749999 0.21043165468749997 0.8014354062500001 0.22122302187499998 0.7751196171875 0.22122302187499998 0.7631578953125 0.2194244609375 0.76076555 0.21402877656250002 0.76076555 0.21402877656250002 0.75837320625 0.2068345328125 0.7631578953125 0.19784172656250001 0.7751196171875 0.1942446046875 0.7846889953125 0.1942446046875 0.7918660281250001 0.19244604375000002 0.7918660281250001 0.19244604375000002 0.808612440625 0.19784172656250001 0.8157894734375001
2 0.5269784171875 0.849282296875 0.528776978125 0.8468899515625001 0.528776978125 0.8373205734375 0.5269784171875 0.8373205734375 0.5269784171875 0.8301435406250001 0.5251798562500001 0.8253588515624999 0.5197841734375 0.8205741625 0.5125899281249999 0.8205741625 0.5107913671875 0.8253588515624999 0.5107913671875 0.8397129187499999 0.5197841734375 0.849282296875 0.5269784171875 0.849282296875
2 0.6996402875000001 0.73923445 0.6996402875000001 0.7224880375 0.69244604375 0.7224880375 0.6852517984375 0.7272727265625 0.6816546765625 0.732057415625 0.6816546765625 0.7368421046875 0.6888489203125 0.7368421046875 0.6888489203125 0.73923445 0.6996402875000001 0.73923445
2 0.6870503593749999 0.7177033500000001 0.6888489203125 0.7153110046875 0.6888489203125 0.7081339718749999 0.6870503593749999 0.7033492828125001 0.6780575546875001 0.7033492828125001 0.67446043125 0.7081339718749999 0.67446043125 0.7153110046875 0.6780575546875001 0.7177033500000001 0.6870503593749999 0.7177033500000001
2 0.75 0.74162679375 0.7553956828125 0.74162679375 0.7643884890625 0.7368421046875 0.7643884890625 0.7344497609375 0.7697841734375 0.7344497609375 0.771582734375 0.732057415625 0.771582734375 0.7272727265625 0.7679856109375 0.7224880375 0.7571942453125 0.7224880375 0.7571942453125 0.7248803828125 0.7517985609375 0.7248803828125 0.7517985609375 0.7272727265625 0.721223021875 0.729665071875 0.7194244609375 0.732057415625 0.7194244609375 0.74162679375 0.721223021875 0.7440191390625001 0.75 0.7440191390625001 0.75 0.74162679375
2 0.6870503593749999 0.1267942578125 0.6942446046875 0.11722487968749999 0.696043165625 0.11244019062499999 0.696043165625 0.1052631578125 0.6978417265625 0.1052631578125 0.6978417265625 0.09569377968750001 0.6942446046875 0.09569377968750001 0.6852517984375 0.110047846875 0.6834532375 0.11483253593750001 0.6834532375 0.12200956874999999 0.6852517984375 0.1267942578125 0.6870503593749999 0.1267942578125