2 0.5379746828124999 0.1814345984375 0.515822784375 0.177215190625 0.498417721875 0.1983122359375 0.4794303796875 0.200421940625 0.4794303796875 0.22151898750000001 0.46993670937500004 0.23628692031249998 0.4525316453125 0.2405063296875 0.4098101265625 0.274261603125 0.40506329062499996 0.2932489453125 0.4604430375 0.274261603125 0.4952531640625 0.2447257390625 0.51424050625 0.2405063296875 0.5379746828124999 0.1814345984375
2 0.556962025 0.3122362875 0.5221518984375 0.3185654015625 0.4525316453125 0.3143459921875 0.43987341718749995 0.3185654015625 0.42879746875 0.34177215156249996 0.444620253125 0.356540084375 0.46677215156249996 0.3586497890625 0.48892404999999994 0.34388185625 0.530063290625 0.348101265625 0.5585443031249999 0.3333333328125 0.5632911390625 0.32067510625 0.556962025 0.3122362875
2 0.45727848125000004 0.3691983125 0.51424050625 0.390295359375 0.5379746828124999 0.4113924046875 0.580696203125 0.40506329062499996 0.609177215625 0.421940928125 0.6566455703125 0.41772151874999996 0.651898734375 0.40717299531249995 0.6344936703124999 0.3987341765625 0.498417721875 0.3586497890625 0.4636075953125 0.356540084375 0.45727848125000004 0.3691983125
2 0.42088607656250004 0.46202531718750006 0.430379746875 0.46413502187500005 0.45569620312500003 0.447257384375 0.4525316453125 0.4282700421875 0.45727848125000004 0.4092827 0.4651898734375 0.40506329062499996 0.46202531718750006 0.390295359375 0.3955696203125 0.3881856546875 0.375 0.3987341765625 0.42088607656250004 0.46202531718750006
2 0.47468354375 0.44303797500000003 0.49367088593749997 0.46835442968749996 0.541139240625 0.46624472499999997 0.5759493671875 0.50843881875 0.6028481015625 0.521097046875 0.63924050625 0.5590717296875 0.6487341765625 0.5590717296875 0.6297468359375 0.5021097046875 0.5316455703125 0.4324894515625 0.4778481015625 0.4282700421875 0.47468354375 0.44303797500000003
2 0.5189873421875 0.495780590625 0.5079113921875 0.49367088593749997 0.5205696203125 0.529535865625 0.5348101265625 0.54852320625 0.5601265828125 0.5464135015625 0.5379746828124999 0.5105485234375 0.5189873421875 0.495780590625
2 0.6139240499999999 0.5738396625 0.6012658234375 0.5590717296875 0.594936709375 0.5801687765625 0.6344936703124999 0.62236286875 0.6139240499999999 0.5738396625
2 0.4651898734375 0.6983122359375 0.4905063296875 0.691983121875 0.5 0.6624472578125 0.48259493593749997 0.594936709375 0.4493670890625 0.5717299578125 0.4651898734375 0.6983122359375
2 0.4525316453125 0.487341771875 0.4509493671875 0.48312236249999996 0.44620253125 0.4767932484375 0.43987341718749995 0.4767932484375 0.4367088609375 0.48101265781249997 0.4367088609375 0.49156118125 0.4382911390625 0.49156118125 0.4382911390625 0.4978902953125 0.441455696875 0.5021097046875 0.444620253125 0.504219409375 0.45411392343749996 0.504219409375 0.458860759375 0.5 0.458860759375 0.495780590625 0.4525316453125 0.487341771875
2 0.41297468281249994 0.791139240625 0.42088607656250004 0.791139240625 0.42088607656250004 0.7890295359375 0.430379746875 0.78691983125 0.447784809375 0.7552742609374999 0.4509493671875 0.742616034375 0.4509493671875 0.71308016875 0.4493670890625 0.71308016875 0.4493670890625 0.7046413499999999 0.44620253125 0.7025316453125 0.444620253125 0.691983121875 0.44303797500000003 0.6898734171875 0.4367088609375 0.6898734171875 0.4367088609375 0.691983121875 0.43196202499999997 0.691983121875 0.427215190625 0.69620253125 0.41772151874999996 0.7109704640625 0.401898734375 0.7510548515625 0.401898734375 0.757383965625 0.40664557031250004 0.7763713078125 0.40822784843750004 0.7763713078125 0.40822784843750004 0.7848101265625 0.41297468281249994 0.791139240625
2 0.40031645625 0.7025316453125 0.3924050640625 0.7109704640625 0.3924050640625 0.7194092828125 0.3955696203125 0.7236286921875 0.40031645625 0.7236286921875 0.40031645625 0.725738396875 0.4034810125 0.725738396875 0.4098101265625 0.7194092828125 0.4098101265625 0.708860759375 0.40506329062499996 0.7025316453125 0.40031645625 0.7025316453125
2 0.541139240625 0.677215190625 0.5363924046874999 0.6814345984375 0.5237341765625 0.742616034375 0.544303796875 0.8101265828124999 0.594936709375 0.7784810125 0.594936709375 0.738396625 0.5854430374999999 0.7194092828125 0.5585443031249999 0.725738396875 0.5458860765625 0.6856540078125 0.541139240625 0.677215190625
2 0.37974683593749997 0.82700421875 0.376582278125 0.8544303796875001 0.42879746875 0.8713080171875 0.4762658234375 0.8502109703125 0.487341771875 0.822784809375 0.4715189875 0.822784809375 0.45569620312500003 0.8059071734375 0.38607595 0.8206751062500001 0.37974683593749997 0.82700421875
2 0.59826355 1 0.59968354375 0.9261603375 0.5886075953125001 0.8670886078125 0.580696203125 0.864978903125 0.5490506328125 0.9071729953125001 0.5395569625000001 0.9725738390625001 0.521407296875 1 0.59826355 1