2 0.49661016875 0.47511312187500004 0.483050846875 0.4909502265625 0.3949152546875 0.4841628953125 0.383050846875 0.49321267031250005 0.34067796562499997 0.49773755625 0.344067796875 0.5113122171875 0.3661016953125 0.5158371046875 0.3779661015625 0.5294117640625 0.3779661015625 0.54524886875 0.4322033890625 0.5678733031250001 0.6084745765624999 0.5837104078124999 0.7152542375000001 0.6199095015625 0.79661016875 0.63574660625 0.830508475 0.6651583703124999 0.9474576265625 0.6719457015625 0.9610169484375 0.6651583703124999 0.95762711875 0.653846153125 0.9677966109374999 0.6289592765625 0.5050847453125 0.44117647031249996 0.4627118640625 0.40723981875000004 0.43898305156250006 0.3981900453125 0.41186440625 0.3981900453125 0.4101694921875 0.40950226250000005 0.4525423734375 0.429864253125 0.49152542343750005 0.4660633484375 0.49661016875 0.47511312187500004
2 0.84237288125 0.7352941171875 0.8355932203125 0.708144796875 0.8288135593750001 0.7194570140625001 0.8338983046875 0.7511312218749999 0.8389830515625001 0.753393665625 0.84237288125 0.7352941171875
2 0.8 0.6764705875 0.8 0.6945701359374999 0.798305084375 0.701357465625 0.7932203390625 0.701357465625 0.7932203390625 0.708144796875 0.79661016875 0.7149321265624999 0.8101694921875 0.7285067875 0.8152542374999999 0.7285067875 0.8169491531249999 0.72624434375 0.8169491531249999 0.6696832578125 0.8152542374999999 0.6696832578125 0.8152542374999999 0.660633484375 0.8135593218749999 0.656108596875 0.8084745765625 0.6515837109375 0.801694915625 0.6515837109375 0.798305084375 0.653846153125 0.798305084375 0.6764705875 0.8 0.6764705875
2 0.95762711875 0.343891403125 0.95762711875 0.3506787328125 0.9559322031249999 0.3506787328125 0.9559322031249999 0.36877828125 0.9542372875 0.36877828125 0.9542372875 0.3733031671875 0.9559322031249999 0.3733031671875 0.9559322031249999 0.389140271875 0.95762711875 0.389140271875 0.95762711875 0.3959276015625 0.959322034375 0.4004524890625 0.9644067796875 0.4004524890625 0.9644067796875 0.3981900453125 0.9711864406249999 0.3981900453125 0.9728813562499999 0.3959276015625 0.9728813562499999 0.3778280546875 0.9711864406249999 0.3778280546875 0.9711864406249999 0.3710407234375 0.9644067796875 0.3552036203125 0.9610169484375 0.339366515625 0.959322034375 0.339366515625 0.95762711875 0.343891403125
2 0.9305084750000001 0.4841628953125 0.9406779656250001 0.48868778281249997 0.9457627125 0.48868778281249997 0.9508474578125 0.481900453125 0.9508474578125 0.45927601874999996 0.9474576265625 0.45475113125 0.9271186437500001 0.4524886875 0.9220338984374999 0.4524886875 0.9186440671874999 0.45475113125 0.9186440671874999 0.4615384609375 0.9203389828124999 0.4660633484375 0.925423728125 0.47737556562499994 0.9305084750000001 0.4841628953125
2 0.9491525421875 0.432126696875 0.9508474578125 0.434389140625 0.9661016953124999 0.4434389140625 0.9694915249999999 0.4434389140625 0.9745762718750001 0.43891402656249995 0.9762711859375001 0.434389140625 0.9762711859375001 0.42760180937500003 0.9779661015625001 0.42760180937500003 0.9779661015625001 0.4162895921875 0.9762711859375001 0.41176470624999995 0.9474576265625 0.41176470624999995 0.9457627125 0.41402715 0.9457627125 0.4185520359375 0.9491525421875 0.432126696875
2 0.4220338984375 0.9434389140624999 0.430508475 0.9524886875 0.4355932203125 0.9524886875 0.4355932203125 0.9547511312499999 0.4525423734375 0.9547511312499999 0.4525423734375 0.9411764703125 0.4508474578125 0.936651584375 0.4457627125 0.936651584375 0.4457627125 0.934389140625 0.430508475 0.934389140625 0.430508475 0.936651584375 0.4237288140625 0.936651584375 0.4220338984375 0.9389140265625 0.4220338984375 0.9434389140624999
2 0.46440677968750005 0.9547511312499999 0.46440677968750005 0.9570135750000001 0.47118644062500004 0.9638009046875 0.4813559328125 0.9638009046875 0.4813559328125 0.9660633484375 0.49491525468750003 0.9660633484375 0.49661016875 0.9638009046875 0.49661016875 0.9524886875 0.49152542343750005 0.9479638015624999 0.483050846875 0.9479638015624999 0.483050846875 0.9457013578125 0.4796610171875 0.9457013578125 0.4796610171875 0.9479638015624999 0.47118644062500004 0.9479638015624999 0.46440677968750005 0.9547511312499999
2 0.6542372875 1 0.6542372875 0.9932126703125 0.6474576265625 0.9864253390625001 0.6 0.9886877828125 0.6 0.9909502265624999 0.5932203390625 0.9909502265624999 0.58813559375 0.9954751125 0.58813559375 0.99773755625 0.5903954796875001 1 0.6542372875 1
2 0.47288135625 0.3054298640625 0.47288135625 0.3076923078125 0.474576271875 0.3076923078125 0.474576271875 0.31447963749999996 0.4762711859375 0.31447963749999996 0.4762711859375 0.3257918546875 0.4796610171875 0.3348416296875 0.49152542343750005 0.3529411765625 0.49491525468750003 0.3552036203125 0.501694915625 0.3552036203125 0.5050847453125 0.3506787328125 0.5050847453125 0.3325791859375 0.50338983125 0.3325791859375 0.50338983125 0.3235294125 0.501694915625 0.3235294125 0.501694915625 0.31674208125000003 0.49491525468750003 0.3054298640625 0.48474576249999995 0.296380090625 0.47796610156249997 0.296380090625 0.47288135625 0.3054298640625
2 0.9932203390625001 0.0542986421875 0.9898305078125 0.0520361984375 0.9796610171875001 0.0520361984375 0.9796610171875001 0.07918552031250001 0.9830508468750001 0.07918552031250001 0.98813559375 0.0746606328125 0.9915254234375 0.06787330312499999 0.9932203390625001 0.0542986421875
2 1 0.117647059375 0.9915254234375 0.117647059375 0.9915254234375 0.1266968328125 0.9898305078125 0.1266968328125 0.9898305078125 0.1447963796875 0.9905542374999999 0.1499298640625 0.9905542374999999 0.15225113125 0.98813559375 0.1515837109375 0.98813559375 0.1674208140625 0.9898305078125 0.1696832578125 0.998305084375 0.1696832578125 1 0.1681749609375 1 0.117647059375
1 0.9338983046875 0.08823529375 0.9389830515625001 0.095022625 0.9457627125 0.095022625 0.9508474578125 0.0904977375 0.9508474578125 0.07918552031250001 0.9491525421875 0.07918552031250001 0.9491525421875 0.070135746875 0.9474576265625 0.070135746875 0.9474576265625 0.063348415625 0.9423728812500001 0.0588235296875 0.9372881359375 0.0588235296875 0.9338983046875 0.063348415625 0.9338983046875 0.08823529375
1 0.35593220312499996 0.22624434375 0.3474576265625 0.208144796875 0.3152542375 0.1493212671875 0.3101694921875 0.13122171875 0.2779661015625 0.0814479640625 0.25254237343749997 0.018099546875 0.240677965625 0.0045248875 0.259322034375 0.0588235296875 0.3542372875 0.246606334375 0.3610169484375 0.253393665625 0.35593220312499996 0.22624434375
2 0.3542372875 0.843891403125 0.3644067796875 0.846153846875 0.3779661015625 0.8280542984375 0.3779661015625 0.8144796375000001 0.3508474578125 0.7601809953124999 0.3508474578125 0.63574660625 0.36949152500000004 0.5610859734375 0.3627118640625 0.54524886875 0.3525423734375 0.54977375625 0.33389830468750004 0.6018099546875 0.30677966093750003 0.708144796875 0.328813559375 0.791855203125 0.3542372875 0.843891403125