2 0.5737410078125 0.8899521531250001 0.5935251796875 0.8827751203125 0.5971223015625 0.8540669859375001 0.5809352515625 0.8325358859374999 0.546762590625 0.7990430625 0.5269784171875 0.808612440625 0.5359712234375 0.8373205734375 0.5737410078125 0.8899521531250001
2 0.636690646875 0.8468899515625001 0.6618705031250001 0.8421052625 0.6672661875 0.8325358859374999 0.654676259375 0.81818181875 0.6330935249999999 0.8157894734375001 0.6258992812499999 0.8253588515624999 0.636690646875 0.8468899515625001
2 0.64208633125 0.710526315625 0.6528776984375 0.7081339718749999 0.5737410078125 0.6052631578125001 0.5557553953125 0.60047846875 0.5557553953125 0.610047846875 0.6187050359375 0.688995215625 0.64208633125 0.710526315625
2 0.5647482015625 0.7631578953125 0.5791366906250001 0.76076555 0.55935251875 0.6842105265625 0.537769784375 0.6578947375 0.5179856109375 0.648325359375 0.5125899281249999 0.6650717703125 0.5233812953125 0.7081339718749999 0.5647482015625 0.7631578953125
2 0.366906475 0.45933014375000003 0.366906475 0.44976076562499995 0.3651079140625 0.44976076562499995 0.363309353125 0.43779904375 0.35431654687499997 0.428229665625 0.3345323734375 0.3947368421875 0.3471223015625 0.380382775 0.345323740625 0.368421053125 0.329136690625 0.368421053125 0.329136690625 0.370813396875 0.31654676249999997 0.3732057421875 0.30935251875 0.37799043125 0.30035971250000004 0.392344496875 0.3021582734375 0.4186602875 0.31294964062499997 0.42105263125 0.31294964062499997 0.4234449765625 0.31654676249999997 0.4258373203125 0.3237410078125 0.4258373203125 0.3363309359375 0.44497607656250004 0.3597122296875 0.45933014375000003 0.366906475 0.45933014375000003
2 0.521582734375 0.5526315796875 0.5233812953125 0.547846890625 0.5233812953125 0.54066985625 0.5143884890625 0.531100478125 0.4676259 0.4928229671875 0.4604316546875 0.4928229671875 0.455035971875 0.511961721875 0.42625899218749996 0.48086124375 0.41906474843749997 0.48086124375 0.41906474843749997 0.49043062187500003 0.4226618703125 0.5 0.4388489203125 0.5215311 0.4496402875 0.531100478125 0.46582733750000005 0.528708134375 0.47482014375 0.51913875625 0.4892086328125 0.5382775125 0.49820143906250003 0.5454545453125 0.5143884890625 0.550239234375 0.5143884890625 0.5526315796875 0.521582734375 0.5526315796875
2 0.5989208640625 0.5669856453125 0.5989208640625 0.550239234375 0.5935251796875 0.5430622015625 0.5863309359375 0.5382775125 0.5719424453124999 0.5358851671875 0.5719424453124999 0.5334928234375 0.5683453234375 0.531100478125 0.55755395625 0.531100478125 0.55755395625 0.528708134375 0.544964028125 0.5143540671875 0.537769784375 0.5095693781249999 0.5179856109375 0.5071770328125 0.5143884890625 0.5095693781249999 0.51618705 0.51913875625 0.5305755390625 0.54066985625 0.5341726625 0.5430622015625 0.544964028125 0.5430622015625 0.544964028125 0.5454545453125 0.5485611515625 0.547846890625 0.553956834375 0.547846890625 0.553956834375 0.550239234375 0.5827338125 0.5574162671875 0.5827338125 0.5598086125 0.59172661875 0.5669856453125 0.5989208640625 0.5669856453125
2 0.42446043125 0.44497607656250004 0.42625899218749996 0.44258373281249996 0.42625899218749996 0.4401913875 0.41906474843749997 0.43062200937500006 0.388489209375 0.4138755984375 0.370503596875 0.409090909375 0.3597122296875 0.409090909375 0.3561151078125 0.4138755984375 0.3561151078125 0.4186602875 0.35791366875 0.42105263125 0.363309353125 0.42105263125 0.363309353125 0.4234449765625 0.3723021578125 0.4234449765625 0.3723021578125 0.4258373203125 0.37589928125 0.428229665625 0.38129496406249996 0.428229665625 0.38129496406249996 0.43062200937500006 0.3902877703125 0.43779904375 0.3974820140625 0.43779904375 0.3974820140625 0.4401913875 0.4100719421875 0.4401913875 0.4100719421875 0.44258373281249996 0.4136690640625 0.44497607656250004 0.42446043125 0.44497607656250004
2 0.5989208640625 0.6578947375 0.5989208640625 0.63875598125 0.57553956875 0.6076555031249999 0.570143884375 0.6028708140625 0.5629496406250001 0.598086125 0.5557553953125 0.60047846875 0.5557553953125 0.6076555031249999 0.5899280578125 0.6531100484375 0.595323740625 0.6578947375 0.5989208640625 0.6578947375
2 0.41546762656249997 0.8205741625 0.4172661875 0.81818181875 0.4172661875 0.8062200953125 0.4136690640625 0.8038277515625 0.40827338125 0.8038277515625 0.40827338125 0.8014354062500001 0.399280575 0.7966507171874999 0.3848920859375 0.7966507171874999 0.38129496406249996 0.8014354062500001 0.38129496406249996 0.8110047843749999 0.383093525 0.8157894734375001 0.386690646875 0.81818181875 0.3938848921875 0.81818181875 0.3938848921875 0.8205741625 0.41546762656249997 0.8205741625
2 0.388489209375 0.6937799046875 0.399280575 0.6937799046875 0.4010791359375 0.6913875593750001 0.4010791359375 0.6866028703125 0.3974820140625 0.6818181812499999 0.3902877703125 0.6770334921875001 0.38129496406249996 0.672248803125 0.37589928125 0.672248803125 0.37589928125 0.6698564593749999 0.3651079140625 0.672248803125 0.3651079140625 0.6842105265625 0.379496403125 0.6961722484374999 0.388489209375 0.6961722484374999 0.388489209375 0.6937799046875
2 0.41546762656249997 0.748803828125 0.41906474843749997 0.7464114828125 0.42625899218749996 0.7368421046875 0.42625899218749996 0.729665071875 0.40827338125 0.729665071875 0.40827338125 0.732057415625 0.4010791359375 0.732057415625 0.3974820140625 0.7344497609375 0.3974820140625 0.73923445 0.40467625937499996 0.7464114828125 0.41546762656249997 0.748803828125
2 0.478417265625 0.5861244015625 0.478417265625 0.57894736875 0.46942446093749995 0.56220095625 0.45863309374999994 0.547846890625 0.455035971875 0.547846890625 0.455035971875 0.5526315796875 0.46402877656249997 0.5765550234375 0.47122302187500004 0.5861244015625 0.478417265625 0.5861244015625
2 0.46942446093749995 0.6459330140625 0.47122302187500004 0.6435406703125001 0.4676259 0.6244019140625 0.4604316546875 0.619617225 0.45683453281249997 0.6267942578125 0.45683453281249997 0.631578946875 0.45863309374999994 0.631578946875 0.45863309374999994 0.641148325 0.4604316546875 0.6459330140625 0.46942446093749995 0.6459330140625
2 0.1942446046875 0.45215310937500003 0.19784172656250001 0.44258373281249996 0.19784172656250001 0.43540669843749996 0.1996402875 0.43540669843749996 0.1996402875 0.42105263125 0.196043165625 0.4066985640625 0.19244604375000002 0.401913875 0.1816546765625 0.401913875 0.1816546765625 0.39952153125 0.17985611562499998 0.39952153125 0.1780575546875 0.401913875 0.1780575546875 0.411483253125 0.17625899218750002 0.411483253125 0.170863309375 0.4234449765625 0.1672661875 0.43540669843749996 0.17446043125 0.44497607656250004 0.1816546765625 0.44976076562499995 0.1888489203125 0.44976076562499995 0.1888489203125 0.45215310937500003 0.1942446046875 0.45215310937500003
2 0.3147482015625 0.33971291875 0.32553956875 0.3325358859375 0.3327338125 0.3253588515625 0.3327338125 0.30382775156249997 0.33093525156250003 0.30382775156249997 0.33093525156250003 0.289473684375 0.3237410078125 0.2870813390625 0.3183453234375 0.291866028125 0.3147482015625 0.30143540625 0.3147482015625 0.3205741625 0.31294964062499997 0.3205741625 0.3111510796875 0.3253588515625 0.3111510796875 0.33971291875 0.3147482015625 0.33971291875
2 0.69244604375 0.5909090906250001 0.6942446046875 0.588516746875 0.6942446046875 0.57894736875 0.696043165625 0.57894736875 0.6978417265625 0.5741626796875 0.6978417265625 0.5669856453125 0.6996402875000001 0.5669856453125 0.6996402875000001 0.5526315796875 0.7014388484375 0.5526315796875 0.7014388484375 0.5430622015625 0.6996402875000001 0.5430622015625 0.6996402875000001 0.5334928234375 0.6978417265625 0.5334928234375 0.6978417265625 0.5263157890625 0.696043165625 0.5215311 0.69244604375 0.5167464109375 0.6888489203125 0.5167464109375 0.6888489203125 0.5334928234375 0.6870503593749999 0.5334928234375 0.6870503593749999 0.54066985625 0.6852517984375 0.54066985625 0.6852517984375 0.547846890625 0.6834532375 0.547846890625 0.6834532375 0.5813397124999999 0.6852517984375 0.5813397124999999 0.6852517984375 0.588516746875 0.6888489203125 0.5909090906250001 0.69244604375 0.5909090906250001
2 0.971223021875 0.6794258375 0.9730215828125001 0.6770334921875001 0.97482014375 0.672248803125 0.97482014375 0.6650717703125 0.9694244609375 0.6555023921875 0.955035971875 0.6435406703125001 0.946043165625 0.6435406703125001 0.946043165625 0.6555023921875 0.9478417265625 0.6555023921875 0.9478417265625 0.6650717703125 0.9496402875 0.6698564593749999 0.9586330937499999 0.6770334921875001 0.9640287765625001 0.6770334921875001 0.9640287765625001 0.6794258375 0.971223021875 0.6794258375
2 0.6618705031250001 0.1267942578125 0.6672661875 0.1267942578125 0.6708633093749999 0.12440191406250001 0.6780575546875001 0.11483253593750001 0.6762589921875 0.0861244015625 0.6708633093749999 0.0861244015625 0.6708633093749999 0.088516746875 0.6618705031250001 0.088516746875 0.654676259375 0.0933014359375 0.6492805749999999 0.10047846875 0.6492805749999999 0.10765550312500001 0.6528776984375 0.110047846875 0.6528776984375 0.12440191406250001 0.65827338125 0.12918660312500002 0.6618705031250001 0.12918660312500002 0.6618705031250001 0.1267942578125