2 0.8191489359374999 0.367298578125 0.8156028375 0.3720379140625 0.8138297874999999 0.38388625625 0.8120567375000001 0.38388625625 0.8067375890624999 0.41706161093749994 0.8067375890624999 0.4502369671875 0.8102836874999999 0.457345971875 0.8191489359374999 0.457345971875 0.856382978125 0.41706161093749994 0.859929078125 0.4075829390625 0.859929078125 0.3909952609375 0.861702128125 0.3909952609375 0.8670212765624999 0.37677725156249997 0.8670212765624999 0.37440758281250003 0.8546099296874999 0.369668246875 0.8191489359374999 0.367298578125
2 0.893617021875 0.367298578125 0.8865248234375 0.369668246875 0.875886525 0.38862559218750004 0.8670212765624999 0.412322275 0.8634751765625 0.424170615625 0.8634751765625 0.43601895781250005 0.874113475 0.43601895781250005 0.8829787234375001 0.42654028437499997 0.8971631203125 0.3909952609375 0.8971631203125 0.38388625625 0.8989361703125001 0.38388625625 0.8989361703125001 0.3720379140625 0.893617021875 0.367298578125
2 0.8049645390625001 0.42654028437499997 0.8014184390624999 0.42890995312499997 0.796099290625 0.44075829375 0.794326240625 0.4905213265625 0.796099290625 0.4905213265625 0.796099290625 0.5071090046875 0.8014184390624999 0.5071090046875 0.8138297874999999 0.4905213265625 0.8209219859375001 0.45260663437500004 0.8209219859375001 0.438388625 0.8138297874999999 0.42654028437499997 0.8049645390625001 0.42654028437499997
2 0.828014184375 0.6113744078125001 0.8244680843750001 0.6137440765625 0.8173758859375001 0.6255924171875 0.8173758859375001 0.635071090625 0.8156028375 0.635071090625 0.8156028375 0.64691943125 0.8191489359374999 0.663507109375 0.8226950359374999 0.6682464453125 0.8262411343749999 0.6682464453125 0.831560284375 0.6445497625 0.831560284375 0.6137440765625 0.828014184375 0.6113744078125001
2 0.8209219859375001 0.5521327015625 0.8173758859375001 0.5545023703124999 0.8138297874999999 0.561611375 0.8156028375 0.599526065625 0.8191489359374999 0.5971563984375 0.8191489359374999 0.5947867296875 0.828014184375 0.5947867296875 0.8297872343750001 0.5924170609375 0.8297872343750001 0.571090046875 0.831560284375 0.571090046875 0.8297872343750001 0.5568720375 0.8262411343749999 0.5521327015625 0.8209219859375001 0.5521327015625
2 0.7517730499999999 0.25592417031250003 0.75 0.2582938390625 0.7482269500000001 0.263033175 0.7446808515625001 0.29620853125 0.7446808515625001 0.3175355453125 0.7464539 0.3175355453125 0.7464539 0.3293838859375 0.7553191484374999 0.341232228125 0.7588652484375 0.341232228125 0.7606382984375 0.338862559375 0.7606382984375 0.3293838859375 0.762411346875 0.3293838859375 0.765957446875 0.32464455000000003 0.767730496875 0.31990521250000004 0.767730496875 0.3127962078125 0.769503546875 0.3127962078125 0.765957446875 0.2677725125 0.7588652484375 0.25592417031250003 0.7517730499999999 0.25592417031250003
2 0.765957446875 0.369668246875 0.764184396875 0.3720379140625 0.7517730499999999 0.398104265625 0.7446808515625001 0.41706161093749994 0.7446808515625001 0.424170615625 0.7429078015624999 0.424170615625 0.7429078015624999 0.43601895781250005 0.7446808515625001 0.43601895781250005 0.7446808515625001 0.44549762968750006 0.7588652484375 0.45497630312500004 0.762411346875 0.45497630312500004 0.765957446875 0.4502369671875 0.765957446875 0.4431279625 0.767730496875 0.4431279625 0.767730496875 0.40995260624999996 0.769503546875 0.40995260624999996 0.769503546875 0.369668246875 0.765957446875 0.369668246875
2 0.737588653125 0.44075829375 0.734042553125 0.44549762968750006 0.732269503125 0.4502369671875 0.732269503125 0.5 0.734042553125 0.5 0.734042553125 0.516587678125 0.737588653125 0.5236966828125 0.7464539 0.5236966828125 0.762411346875 0.5142180093750001 0.762411346875 0.44786729843749995 0.7606382984375 0.4431279625 0.7553191484374999 0.4431279625 0.7553191484374999 0.44075829375 0.737588653125 0.44075829375
2 0.7429078015624999 0.5213270140625 0.732269503125 0.5213270140625 0.7287234046875 0.5236966828125 0.7287234046875 0.5379146921875 0.7269503546875 0.5379146921875 0.7269503546875 0.5426540281250001 0.7287234046875 0.5426540281250001 0.7287234046875 0.5568720375 0.734042553125 0.5781990515625 0.737588653125 0.5805687203125001 0.7535461 0.5829383890625001 0.762411346875 0.59004739375 0.769503546875 0.59004739375 0.7765957453125 0.575829384375 0.7765957453125 0.5663507109375 0.7748226953125 0.5663507109375 0.7748226953125 0.5568720375 0.7730496453125 0.5568720375 0.7730496453125 0.5355450234375 0.769503546875 0.5213270140625 0.764184396875 0.5142180093750001 0.7517730499999999 0.5142180093750001 0.7517730499999999 0.516587678125 0.7464539 0.516587678125 0.7429078015624999 0.5189573453125 0.7429078015624999 0.5213270140625
2 0.9379432624999999 0.5568720375 0.9343971625 0.561611375 0.9326241140624999 0.5663507109375 0.9326241140624999 0.5734597156250001 0.9308510640625001 0.5734597156250001 0.9308510640625001 0.5829383890625001 0.9290780140624999 0.5829383890625001 0.9290780140624999 0.62085308125 0.9308510640625001 0.6232227484374999 0.9414893609374999 0.6232227484374999 0.9468085109375 0.6137440765625 0.9468085109375 0.601895734375 0.9485815609375001 0.601895734375 0.9485815609375001 0.5853080562499999 0.9503546093749999 0.5853080562499999 0.9503546093749999 0.5781990515625 0.9521276593750001 0.5781990515625 0.9521276593750001 0.5663507109375 0.9468085109375 0.5568720375 0.9379432624999999 0.5568720375
2 0.9627659578125 0.59004739375 0.9503546093749999 0.6066350703125 0.9503546093749999 0.6137440765625 0.9485815609375001 0.6137440765625 0.9485815609375001 0.6255924171875 0.9521276593750001 0.630331753125 0.955673759375 0.630331753125 0.955673759375 0.6279620859375 0.9627659578125 0.6279620859375 0.9627659578125 0.6255924171875 0.96808510625 0.6255924171875 0.9734042546874999 0.6137440765625 0.9734042546874999 0.5971563984375 0.9698581562499999 0.59004739375 0.9627659578125 0.59004739375
2 0.6507092203125 0.44786729843749995 0.6507092203125 0.4810426546875 0.65248226875 0.4810426546875 0.65248226875 0.5 0.65602836875 0.5094786734375 0.6613475171875 0.5189573453125 0.6666666671875 0.5236966828125 0.670212765625 0.5236966828125 0.671985815625 0.5189573453125 0.671985815625 0.5 0.670212765625 0.5 0.670212765625 0.48578199062499994 0.668439715625 0.48578199062499994 0.668439715625 0.47867298593749996 0.6613475171875 0.4597156390625 0.65957446875 0.4597156390625 0.65957446875 0.4502369671875 0.65780141875 0.44786729843749995 0.6507092203125 0.44786729843749995
2 0.65780141875 0.52606635 0.65602836875 0.52843601875 0.65425531875 0.5331753546875 0.65425531875 0.5497630328125 0.65780141875 0.571090046875 0.65957446875 0.571090046875 0.65957446875 0.5781990515625 0.6631205671875 0.587677725 0.6666666671875 0.587677725 0.6773049640625 0.547393365625 0.6773049640625 0.5355450234375 0.670212765625 0.52606635 0.65780141875 0.52606635
2 0.6808510640625001 0.6090047390625 0.670212765625 0.6232227484374999 0.670212765625 0.632701421875 0.668439715625 0.632701421875 0.668439715625 0.635071090625 0.670212765625 0.635071090625 0.670212765625 0.6445497625 0.671985815625 0.6445497625 0.671985815625 0.6516587671875 0.6773049640625 0.6563981046875 0.6861702125 0.6563981046875 0.6879432624999999 0.6540284359374999 0.6879432624999999 0.630331753125 0.6861702125 0.630331753125 0.6861702125 0.6184834125 0.6826241140625 0.6090047390625 0.6808510640625001 0.6090047390625
2 0.6489361703125 0.587677725 0.6453900703125 0.5924170609375 0.643617021875 0.5971563984375 0.643617021875 0.6113744078125001 0.6489361703125 0.6161137437499999 0.65425531875 0.6161137437499999 0.6613475171875 0.6066350703125 0.6613475171875 0.5947867296875 0.65957446875 0.59004739375 0.65602836875 0.587677725 0.6489361703125 0.587677725
2 0.608156028125 0.2251184828125 0.6028368796875 0.2251184828125 0.578014184375 0.248815165625 0.578014184375 0.253554503125 0.581560284375 0.26066350781250003 0.609929078125 0.26066350781250003 0.609929078125 0.2582938390625 0.622340425 0.2582938390625 0.622340425 0.25592417031250003 0.627659575 0.25592417031250003 0.6365248234374999 0.248815165625 0.6365248234374999 0.2393364921875 0.6347517734375 0.2393364921875 0.6347517734375 0.23222748750000002 0.6258865250000001 0.222748815625 0.608156028125 0.222748815625 0.608156028125 0.2251184828125
2 0.606382978125 0.545023696875 0.59574468125 0.545023696875 0.5868794328125 0.5497630328125 0.576241134375 0.5639810421875 0.5726950359375 0.571090046875 0.5726950359375 0.5805687203125001 0.581560284375 0.5805687203125001 0.608156028125 0.5521327015625 0.6205673765624999 0.5426540281250001 0.6205673765624999 0.5379146921875 0.6134751765625001 0.5379146921875 0.606382978125 0.5426540281250001 0.606382978125 0.545023696875
2 0.515957446875 0.6682464453125 0.5088652484375 0.67298578125 0.5053191484374999 0.6800947875000001 0.5053191484374999 0.6872037921875 0.5035461 0.6872037921875 0.5 0.6990521328125 0.47872340468749996 0.73459715625 0.47695035468749997 0.7559241703125 0.47872340468749996 0.7582938390625 0.4946808515625 0.7582938390625 0.4964539 0.7559241703125 0.49822695 0.7511848343749999 0.49822695 0.7440758296875 0.5 0.7440758296875 0.5070921984375001 0.7251184828125 0.512411346875 0.718009478125 0.517730496875 0.7061611375 0.517730496875 0.6990521328125 0.519503546875 0.6990521328125 0.519503546875 0.6824644546874999 0.5212765953125 0.6824644546874999 0.5212765953125 0.6706161140625 0.519503546875 0.6682464453125 0.515957446875 0.6682464453125
2 0.734042553125 0.6872037921875 0.7269503546875 0.6872037921875 0.7269503546875 0.689573459375 0.72163120625 0.689573459375 0.7163120562499999 0.6966824640625 0.7092198578125 0.7132701421875 0.703900709375 0.720379146875 0.703900709375 0.7227488156249999 0.7074468078125 0.7274881515625 0.7109929078125 0.7274881515625 0.7269503546875 0.718009478125 0.737588653125 0.7014218015625 0.7393617015625 0.6966824640625 0.7393617015625 0.6872037921875 0.737588653125 0.6848341234374999 0.734042553125 0.6848341234374999 0.734042553125 0.6872037921875
2 0.6897163125 0.5805687203125001 0.6826241140625 0.599526065625 0.6826241140625 0.6066350703125 0.6808510640625001 0.6066350703125 0.6808510640625001 0.62085308125 0.6826241140625 0.62085308125 0.6826241140625 0.6279620859375 0.6897163125 0.6492891000000001 0.6950354609375 0.6540284359374999 0.7109929078125 0.6540284359374999 0.7127659578125 0.6516587671875 0.7127659578125 0.6421800953125001 0.7145390078125 0.6421800953125001 0.7145390078125 0.632701421875 0.7127659578125 0.632701421875 0.7127659578125 0.6184834125 0.7109929078125 0.6184834125 0.7109929078125 0.6113744078125001 0.705673759375 0.5924170609375 0.6968085109375 0.5805687203125001 0.6897163125 0.5805687203125001
2 0.423758865625 0.457345971875 0.41843971562500004 0.457345971875 0.41312056718749995 0.4620853078125 0.40957446875 0.47156398125 0.40957446875 0.5 0.41843971562500004 0.5213270140625 0.425531915625 0.5236966828125 0.4326241140625 0.5189573453125 0.4397163125 0.5094786734375 0.4414893609375 0.5047393359375001 0.4450354609375 0.4905213265625 0.4450354609375 0.47867298593749996 0.4468085109375 0.47867298593749996 0.4468085109375 0.46682464531249995 0.4397163125 0.45497630312500004 0.423758865625 0.45497630312500004 0.423758865625 0.457345971875
2 0.4166666671875 0.587677725 0.41489361718750006 0.59004739375 0.40602836875000003 0.6113744078125001 0.40425531875000004 0.6255924171875 0.40248226875000004 0.6255924171875 0.40248226875000004 0.632701421875 0.40070922031249995 0.632701421875 0.3953900703125 0.6492891000000001 0.3953900703125 0.658767771875 0.39361702187500003 0.658767771875 0.39361702187500003 0.6706161140625 0.3953900703125 0.67298578125 0.40070922031249995 0.67298578125 0.41312056718749995 0.6563981046875 0.41843971562500004 0.6445497625 0.421985815625 0.630331753125 0.421985815625 0.587677725 0.4166666671875 0.587677725
2 0.7145390078125 0.12085308125000001 0.7092198578125 0.12085308125000001 0.705673759375 0.1279620859375 0.705673759375 0.1421800953125 0.7074468078125 0.14691943125 0.72163120625 0.1445497625 0.7269503546875 0.135071090625 0.7251773046875 0.12085308125000001 0.7234042546875 0.11848341250000001 0.7145390078125 0.11848341250000001 0.7145390078125 0.12085308125000001
2 0.33156028437499996 0.7985781984375 0.3191489359375 0.79620853125 0.31205673749999996 0.838862559375 0.3226950359375 0.867298578125 0.3368794328125 0.8317535546875 0.33156028437499996 0.7985781984375
2 0.366708384375 1 0.3670212765625 0.9928909953125 0.3528368796875 0.9715639812499999 0.34219858125 0.9763033171875 0.3393617015625 1 0.366708384375 1
2 0.34574468125 0.4620853078125 0.3351063828125 0.47156398125 0.3102836875 0.5545023703124999 0.326241134375 0.5379146921875 0.34397163124999997 0.49526066406249997 0.34574468125 0.4620853078125