1 0.2625 0.640625 0.3416666671875 0.6515625 0.6541666671875 0.6578125 0.6958333328124999 0.65625 0.7125 0.64375 0.7104166671875001 0.6359375 0.6 0.6 0.3479166671875 0.603125 0.2590270828125 0.615625 0.014583332812499999 0.6140625 0.00625 0.615625 0.010416667187500001 0.6328125 0.1041666671875 0.6421875 0.2625 0.640625
1 0.5291666671875 0.575 0.35208333281250004 0.56875 0.0375 0.565625 0.0020833328125000002 0.5546875 0 0.5734375 0.5395833328124999 0.5828125 0.5395833328124999 0.5765625 0.5291666671875 0.575
1 0.3395833328125 0.590625 0.31875 0.5984375 0.3145833328125 0.6046875 0.3375 0.60625 0.3458333328125 0.5953125 0.3395833328125 0.590625
1 0.7854166671875 0.640625 0.7625 0.634375 0.7375 0.640625 0.7375 0.6578125 0.7854166671875 0.659375 0.7854166671875 0.640625
1 0.7875 0.4609375 0.825 0.459375 0.8354166671875 0.45 0.8083333328125001 0.4453125 0.6645833328124999 0.4453125 0.6104166671875 0.4265625 0.5645833328125 0.4296875 0.4166666671875 0.4609375 0.3145833328125 0.503125 0.2666666671875 0.5125 0.2208333328125 0.53125 0.34375 0.5109375 0.7854166671875 0.4703125 0.7875 0.4609375
1 0.35 0.7140625 0.3333333328125 0.715625 0.28125 0.7625 0.2479166671875 0.8203125 0.2375 0.853125 0.2708333328125 0.865625 0.29375 0.8421875 0.35 0.7140625
1 0.3604166671875 0.659375 0.34375 0.675 0.3375 0.7 0.3645833328125 0.68125 0.3708333328125 0.6609375 0.3604166671875 0.659375
1 0.91875 0.471875 0.9270833328125001 0.471875 0.9270833328125001 0.4703125 0.9333333328125001 0.4703125 0.9375 0.46875 0.9416666671874999 0.4625 0.9458333328125 0.459375 0.9458333328125 0.4515625 0.9416666671874999 0.4484375 0.9333333328125001 0.4453125 0.9270833328125001 0.4453125 0.9270833328125001 0.44375 0.9208333328125 0.44375 0.9166666671874999 0.4453125 0.9125 0.45 0.9125 0.4578125 0.9166666671874999 0.4703125 0.91875 0.471875
1 0.8583333328125 0.4453125 0.8625 0.4421875 0.8625 0.434375 0.8583333328125 0.4296875 0.8520833328125 0.4296875 0.85 0.43125 0.85 0.4421875 0.8541666671874999 0.4453125 0.8583333328125 0.4453125
1 0.9125 0.44375 0.9166666671874999 0.440625 0.9166666671874999 0.4359375 0.9145833328125 0.4328125 0.9 0.4328125 0.9 0.4390625 0.9041666671874999 0.44375 0.9125 0.44375
1 0.78125 0.4390625 0.7833333328125 0.4375 0.7833333328125 0.4328125 0.78125 0.43125 0.7729166671875001 0.43125 0.7708333328125 0.4328125 0.7708333328125 0.4375 0.7729166671875001 0.4390625 0.78125 0.4390625
1 0.88125 0.4625 0.8854166671874999 0.459375 0.8854166671874999 0.4578125 0.88125 0.4546875 0.875 0.4546875 0.875 0.4609375 0.8770833328125001 0.4625 0.88125 0.4625