1 0.137880184375 1 0.1428571421875 0.9844290656249999 0.14746543750000002 0.961937715625 0.1405529953125 0.9567474046875001 0.1497695859375 0.95155709375 0.1497695859375 0.9325259515625 0.13824884843750002 0.9238754328125 0.1520737328125 0.9083044984375 0.16359447031250002 0.86678200625 0.205069125 0.657439446875 0.2350230421875 0.58823529375 0.2373271890625 0.564013840625 0.2258064515625 0.5674740484374999 0.19124423906250002 0.6245674734375 0.16359447031250002 0.7577854671875001 0.10829493125 0.9342560546875 0.10829493125 1 0.137880184375 1
1 0.4792626734375 0.785467128125 0.4792626734375 0.7681660906250001 0.45391705 0.7249134953125 0.4078341015625 0.6038062281250001 0.3341013828125 0.467128028125 0.3294930875 0.49134948125 0.38709677343750004 0.65916955 0.41474654375000003 0.73010380625 0.45391705 0.7975778546875001 0.4792626734375 0.785467128125
1 0.49308755781249997 0.506920415625 0.536866359375 0.37370242187499997 0.5437788015625 0.342560553125 0.536525975 0.33711465937499996 0.49308755781249997 0.44117647031249996 0.451612903125 0.506920415625 0.41244239687500006 0.58823529375 0.42165898593750006 0.6055363328125 0.451612903125 0.55363321875 0.476958525 0.538062284375 0.49308755781249997 0.506920415625
1 0.5437788015625 0.9567474046875001 0.5414746546875 0.9359861593750001 0.536866359375 0.9307958484375 0.5299539171875 0.9031141874999999 0.49769585312500003 0.8235294124999999 0.49308755781249997 0.8183391 0.48617511562500004 0.8166089968750001 0.47004608281250004 0.8252595156250001 0.47004608281250004 0.8373702421875 0.4815668203125 0.8529411765624999 0.4838709671875 0.8633217999999999 0.490783409375 0.8702422140625 0.502304146875 0.896193771875 0.5115207374999999 0.90657439375 0.5299539171875 0.9463667812500001 0.53917050625 0.9567474046875001 0.5437788015625 0.9567474046875001
1 0.8732718890625 0.7318339093749999 0.8709677421875 0.6868512109375 0.838709678125 0.6072664359375 0.8364055296874999 0.6608996546875 0.854838709375 0.7577854671875001 0.8732718890625 0.7318339093749999
1 0.27880184375 0.2422145328125 0.2741935484375 0.2024221453125 0.2626728109375 0.1955017296875 0.25576036874999997 0.21107266406249997 0.23963133593750002 0.3806228375 0.2119815671875 0.5 0.2142857140625 0.53114186875 0.2350230421875 0.5173010375 0.2626728109375 0.4792387546875 0.27880184375 0.2422145328125
1 0.40274434374999996 0 0.29493087500000004 0.197231834375 0.29723502343749997 0.2024221453125 0.3133640546875 0.1989619375 0.3202764984375 0.21626297499999997 0.30184331875 0.2820069203125 0.343317971875 0.28027681718749997 0.3940092171875 0.166089965625 0.44017231093750003 0 0.40274434374999996 0
1 0.8479262671875001 0.538062284375 0.8456221203125001 0.50865051875 0.8202764984375 0.475778546875 0.7258064515625 0.245674740625 0.70967741875 0.21626297499999997 0.6935483875 0.20415224843750002 0.7027649765625 0.21280276874999998 0.6935483875 0.2197231828125 0.7027649765625 0.245674740625 0.7764976953125 0.42906574375 0.8571428578125 0.5986159171875001 0.8778801843749999 0.6176470593750001 0.8479262671875001 0.538062284375
1 0.7674768828125 0 0.7534562218749999 0.23010380625 0.7557603687500001 0.2750865046875 0.769585253125 0.2820069203125 0.79032258125 0.28027681718749997 0.7995391703125 0.2664359859375 0.7972350234375 0.08477508593750001 0.7880184328125 0.04844290625 0.7880184328125 0 0.7674768828125 0
1 0.7442396312499999 0.5847750859375 0.769585253125 0.5467128031249999 0.6889400921875 0.6072664359375 0.6912442390625 0.6228373703125001 0.7442396312499999 0.5847750859375
1 0.6175115203125 0.6955017296875 0.61981566875 0.674740484375 0.513824884375 0.7439446359375 0.4838709671875 0.776816609375 0.3640553 0.8754325265625 0.33640552968750004 0.9083044984375 0.304147465625 0.9290657437500001 0.29723502343749997 0.953287196875 0.3341013828125 0.953287196875 0.343317971875 0.9463667812500001 0.45391705 0.8339100343749999 0.6175115203125 0.6955017296875