2 0.6661016953125001 0.2149321265625 0.6644067796875001 0.199095021875 0.6322033890625 0.15837104062500001 0.5627118640625 0.1696832578125 0.5322033890625 0.22624434375 0.528813559375 0.25113122187500003 0.5440677968750001 0.253393665625 0.5762711859375 0.23076923124999998 0.583050846875 0.23755656093750002 0.5762711859375 0.253393665625 0.598305084375 0.27601810000000004 0.6525423734375 0.23303167343750003 0.6661016953125001 0.2149321265625
2 0.4813559328125 0.436651584375 0.528813559375 0.4027149328125 0.5677966109375 0.3348416296875 0.5372881359375 0.343891403125 0.5152542375 0.36425339375 0.4813559328125 0.4185520359375 0.4813559328125 0.436651584375
2 0.44237288125 0.4660633484375 0.47796610156249997 0.42760180937500003 0.48474576249999995 0.404977375 0.45932203437499997 0.404977375 0.44237288125 0.4660633484375
2 0.5355932203125 0.5384615390625 0.5932203390625 0.5090497734375 0.5932203390625 0.4683257921875 0.5338983046875 0.47737556562499994 0.48644067812499997 0.5090497734375 0.45762711874999995 0.5158371046875 0.3949152546875 0.565610859375 0.30677966093750003 0.615384615625 0.3186440671875 0.63122171875 0.40338983125 0.6221719453125 0.516949153125 0.565610859375 0.5355932203125 0.5384615390625
2 0.5762711859375 0.43891402656249995 0.6762711859375 0.319004525 0.68813559375 0.294117646875 0.671186440625 0.298642534375 0.60338983125 0.3710407234375 0.555932203125 0.44796380156250004 0.5762711859375 0.43891402656249995
2 0.3355932203125 0.7194570140625001 0.33898305156249997 0.746606334375 0.3491525421875 0.7511312218749999 0.35593220312499996 0.67873303125 0.3457627125 0.6470588234375 0.325423728125 0.64027149375 0.30677966093750003 0.6493212671874999 0.3355932203125 0.7194570140625001
2 0.8779661015625001 0.44570135781250003 0.8779661015625001 0.5022624437500001 0.8677966109374999 0.5158371046875 0.8610169484375 0.5475113125 0.8847457625 0.520361990625 0.9033898312499999 0.45701357500000006 0.9389830515625001 0.384615384375 0.9203389828124999 0.389140271875 0.8779661015625001 0.44570135781250003
2 0.8254237281249999 0.7194570140625001 0.8508474578125 0.6968325796875 0.8389830515625001 0.67873303125 0.8067796609375 0.6764705875 0.7694915250000001 0.6968325796875 0.7915254234375 0.7149321265624999 0.8254237281249999 0.7194570140625001
2 0.683050846875 0.45701357500000006 0.671186440625 0.45475113125 0.6644067796875001 0.48868778281249997 0.669491525 0.518099546875 0.68813559375 0.5067873296875 0.683050846875 0.45701357500000006
2 0.3813559328125 0.253393665625 0.40677966093749995 0.2601809953125 0.4220338984375 0.2398190046875 0.3898305078125 0.23755656093750002 0.3813559328125 0.253393665625
2 0.4237288140625 0.337104071875 0.430508475 0.31674208125000003 0.416949153125 0.3031674203125 0.38813559375 0.3054298640625 0.383050846875 0.31447963749999996 0.386440678125 0.3303167421875 0.4237288140625 0.337104071875
2 0.3898305078125 0.40950226250000005 0.41355932187500005 0.3959276015625 0.4457627125 0.35972850625 0.3949152546875 0.3552036203125 0.3508474578125 0.3733031671875 0.33389830468750004 0.3981900453125 0.3898305078125 0.40950226250000005
2 0.6525423734375 0.1040723984375 0.6203389828125 0.110859728125 0.6338983046875 0.162895928125 0.6474576265625 0.153846153125 0.65762711875 0.1289592765625 0.6525423734375 0.1040723984375
2 0.6389830515625 0.08823529375 0.669491525 0.0904977375 0.6508474578125 0.065610859375 0.6338983046875 0.061085973437499996 0.6389830515625 0.08823529375