1 0.7875 0.8515625 0.8 0.865625 0.7895833328124999 0.8734375 0.7895833328124999 0.890625 0.7979166671875 0.8953125 0.7916666671875 0.9 0.7958333328125 0.9203125 0.8208333328125 0.9984375 0.8270833328125 0.9984375 0.8270833328125 0.875 0.7770833328125 0.715625 0.7520833328125 0.5953125 0.7208333328125 0.54375 0.7104166671875001 0.540625 0.7125 0.5625 0.7395833328125 0.625 0.7770833328125 0.8140625 0.7875 0.8515625
1 0.575 0.6265625 0.6270833328125 0.475 0.6229166671875 0.453125 0.55625 0.5765625 0.5145833328125 0.6859375 0.4916666671875 0.725 0.4916666671875 0.740625 0.5145833328125 0.7515625 0.55 0.690625 0.575 0.6265625
1 0.54375 0.578125 0.5520833328125 0.5625 0.5166666671875 0.4890625 0.4791666671875 0.4296875 0.4398910984375 0.3357066765625 0.43333333281249997 0.340625 0.43958333281249995 0.36875 0.4791666671875 0.4890625 0.49375 0.5171875 0.5166666671875 0.53125 0.54375 0.578125
1 0.4625 0.85 0.47083333281249995 0.840625 0.48125 0.8171875 0.4875 0.8109375 0.4895833328125 0.8015625 0.5 0.7875 0.5 0.7765625 0.48541666718750004 0.76875 0.4791666671875 0.7703125 0.475 0.775 0.4458333328125 0.846875 0.43958333281249995 0.871875 0.43541666718750005 0.8765625 0.43333333281249997 0.8953125 0.4375 0.8953125 0.4458333328125 0.8859375 0.4625 0.85
1 0.1666666671875 0.5796875 0.1375 0.6515625 0.1354166671875 0.6921875 0.1520833328125 0.715625 0.16875 0.628125 0.1666666671875 0.5796875
1 0.73125 0.5109375 0.7333333328125 0.4828125 0.7083333328125 0.375 0.69375 0.221875 0.6875 0.2078125 0.6770833328125 0.2140625 0.6729166671875 0.25 0.6875 0.4640625 0.7125 0.4984375 0.73125 0.5109375
1 0.6520833328125 0.2859375 0.6354166671875 0.2265625 0.6416666671875 0.2109375 0.65625 0.2140625 0.6583333328125 0.209375 0.54375 0 0.51875 0.0015625 0.56875 0.18125 0.6145833328125 0.284375 0.6520833328125 0.2859375
1 0.9854166671875 0.35625 0.9979166671874999 0.3578125 0.9895833328125001 0.2734375 0.9979166671874999 0.1453125 0.9979166671874999 0.003125 0.9708333328125001 0.1046875 0.9604166671875 0.24375 0.9583333328125001 0.346875 0.9625 0.35625 0.9770833328125 0.3625 0.9854166671875 0.35625
1 0.22291666718749997 0.41875 0.28958333281250004 0.253125 0.2979166671875 0.2296875 0.28958333281250004 0.2234375 0.2979166671875 0.215625 0.2833333328125 0.2265625 0.26875 0.253125 0.1833333328125 0.4609375 0.1604166671875 0.490625 0.1583333328125 0.5171875 0.13125 0.5890625 0.15 0.571875 0.22291666718749997 0.41875
1 0.2125 0 0.2125 0.075 0.20416666718749998 0.1078125 0.20208333281250002 0.271875 0.2104166671875 0.284375 0.22916666718749998 0.2859375 0.2416666671875 0.2796875 0.24375 0.2390625 0.22916666718749998 0 0.2125 0
1 0.22916666718749998 0.525 0.2520833328125 0.559375 0.3 0.59375 0.3020833328125 0.5796875 0.22916666718749998 0.525
1 0.6229166671875 0.8921875 0.65625 0.8921875 0.65 0.8703125 0.6208333328125 0.8515625 0.5958333328125 0.821875 0.4875 0.7328125 0.4604166671875 0.703125 0.3645833328125 0.640625 0.36666666718749996 0.659375 0.5145833328125 0.784375 0.6145833328125 0.8859375 0.6229166671875 0.8921875