2 0.41041666718750003 0.39375 0.3895833328125 0.375 0.36875 0.375 0.3270833328125 0.4125 0.325 0.421875 0.33541666718749996 0.43125 0.40208333281249997 0.4078125 0.41041666718750003 0.39375
2 0.23125 0.54375 0.25833333281250004 0.5234375 0.2645833328125 0.509375 0.2 0.5109375 0.175 0.525 0.1708333328125 0.5421875 0.17916666718750002 0.5484375 0.21458333281250003 0.5484375 0.23125 0.54375
2 0.45625 0.63125 0.4604166671875 0.6234375 0.42083333281249996 0.625 0.3895833328125 0.6421875 0.38333333281250004 0.6546875 0.325 0.68125 0.3229166671875 0.6953125 0.3583333328125 0.6890625 0.40625 0.6546875 0.45625 0.63125
2 0.4270833328125 0.434375 0.425 0.415625 0.4125 0.415625 0.38333333281250004 0.446875 0.3395833328125 0.4734375 0.3375 0.4859375 0.3458333328125 0.490625 0.41875 0.4484375 0.4270833328125 0.434375
2 0.10833333281249999 0.5796875 0.13125 0.55625 0.08333333281250001 0.565625 0.0458333328125 0.5875 0.0354166671875 0.5984375 0.0395833328125 0.6046875 0.05625 0.603125 0.10833333281249999 0.5796875
2 0.6645833328124999 0.8140625 0.6416666671875 0.821875 0.6145833328125 0.859375 0.6145833328125 0.871875 0.6416666671875 0.8625 0.66875 0.8328125 0.6645833328124999 0.8140625
2 0.5520833328125 0.4703125 0.5354166671875 0.46875 0.53125 0.4734375 0.5520833328125 0.4984375 0.5895833328125 0.5 0.5520833328125 0.4703125
2 0.6958333328124999 0.525 0.6916666671875 0.50625 0.6708333328125 0.4921875 0.6604166671875 0.4921875 0.65625 0.503125 0.6645833328124999 0.5140625 0.6875 0.5265625 0.6958333328124999 0.525
2 0.65 0.31875 0.6125 0.325 0.6166666671875001 0.3375 0.6416666671875 0.3359375 0.65625 0.328125 0.65 0.31875
2 0.43958333281249995 0.709375 0.41041666718750003 0.7171875 0.40625 0.7296875 0.41875 0.7296875 0.4583333328125 0.7109375 0.43958333281249995 0.709375
2 0.85 0.403125 0.825 0.40625 0.8208333328125 0.409375 0.83125 0.421875 0.8520833328125 0.41875 0.85 0.403125