2 0.8644366203124999 0.24413145468750003 0.86267605625 0.2464788734375 0.8609154921875 0.2582159625 0.8591549296875 0.2582159625 0.855633803125 0.30046948281249997 0.8538732390625 0.30046948281249997 0.8538732390625 0.31924882656250003 0.8503521125000001 0.3262910796875 0.8521126765625 0.380281690625 0.8538732390625 0.380281690625 0.8538732390625 0.3896713609375 0.857394365625 0.39436619687499996 0.8644366203124999 0.38732394375 0.867957746875 0.377934271875 0.867957746875 0.34037558749999997 0.8838028171874999 0.3239436625 0.8838028171874999 0.3169014078125 0.88732394375 0.314553990625 0.892605634375 0.2957746484375 0.892605634375 0.2746478875 0.8908450703125 0.27230046875 0.875 0.27230046875 0.8714788734375001 0.267605634375 0.869718309375 0.2464788734375 0.8644366203124999 0.24413145468750003
2 0.8151408453125001 0.41549295781250006 0.8080985921874999 0.42018779375 0.8045774640625 0.427230046875 0.8045774640625 0.4553990609375 0.806338028125 0.4553990609375 0.806338028125 0.4624413140625 0.8133802812500001 0.476525821875 0.8204225359375 0.48591549218749996 0.825704225 0.490610328125 0.8292253515624999 0.490610328125 0.8345070421875 0.4812206578125 0.8345070421875 0.46948356875 0.832746478125 0.46948356875 0.832746478125 0.460093896875 0.8292253515624999 0.443661971875 0.8274647890625 0.443661971875 0.8274647890625 0.43427230000000006 0.825704225 0.43427230000000006 0.825704225 0.427230046875 0.8221830984375 0.41784037500000004 0.818661971875 0.41549295781250006 0.8151408453125001 0.41549295781250006
2 0.9207746484375001 0.267605634375 0.917253521875 0.27230046875 0.9102112671875 0.2910798125 0.9066901406250001 0.30516431875 0.9066901406250001 0.314553990625 0.9049295781250001 0.314553990625 0.9049295781250001 0.3427230046875 0.9084507046875 0.3427230046875 0.9137323937499999 0.33802816875 0.924295775 0.31924882656250003 0.9330985921874999 0.281690140625 0.931338028125 0.27230046875 0.9278169015625 0.267605634375 0.9207746484375001 0.267605634375
2 0.880281690625 0.443661971875 0.8767605640625 0.4460093890625 0.867957746875 0.45774647812499997 0.867957746875 0.460093896875 0.8732394359375 0.46948356875 0.882042253125 0.476525821875 0.8855633796875001 0.476525821875 0.8890845078125 0.46948356875 0.8890845078125 0.4460093890625 0.88732394375 0.443661971875 0.880281690625 0.443661971875
2 0.83802816875 0.19483568125 0.8204225359375 0.19718309843749998 0.8151408453125001 0.20187793437499998 0.8151408453125001 0.2230046953125 0.8169014078125001 0.248826290625 0.818661971875 0.248826290625 0.818661971875 0.2582159625 0.8239436625 0.2605633796875 0.8274647890625 0.2558685453125 0.832746478125 0.2582159625 0.8397887328125 0.267605634375 0.8433098593749999 0.2699530515625 0.8485915500000001 0.2699530515625 0.8521126765625 0.2629107984375 0.8521126765625 0.251173709375 0.8503521125000001 0.251173709375 0.8503521125000001 0.2370892015625 0.8485915500000001 0.2370892015625 0.8485915500000001 0.22769953125 0.8468309859375 0.22769953125 0.8468309859375 0.218309859375 0.8450704218749999 0.218309859375 0.8450704218749999 0.20187793437499998 0.8433098593749999 0.19718309843749998 0.8415492953125 0.19483568125 0.83802816875 0.19483568125
2 0.799295775 0.1643192484375 0.7904929578125001 0.1666666671875 0.7887323937499999 0.169014084375 0.7887323937499999 0.19953051718749998 0.7904929578125001 0.19953051718749998 0.7904929578125001 0.2136150234375 0.792253521875 0.2136150234375 0.792253521875 0.2230046953125 0.8028169015625 0.2793427234375 0.8045774640625 0.2793427234375 0.8169014078125001 0.2629107984375 0.8169014078125001 0.24413145468750003 0.8151408453125001 0.24413145468750003 0.8133802812500001 0.232394365625 0.8098591546874999 0.22535211249999998 0.8080985921874999 0.22535211249999998 0.8080985921874999 0.1807511734375 0.806338028125 0.1807511734375 0.806338028125 0.17370892031250001 0.8028169015625 0.1666666671875 0.799295775 0.1643192484375
2 0.8151408453125001 0.2934272296875 0.8116197187499999 0.298122065625 0.8045774640625 0.3169014078125 0.8045774640625 0.33802816875 0.8028169015625 0.33802816875 0.8028169015625 0.34741784062500003 0.8010563375 0.34741784062500003 0.8010563375 0.3521126765625 0.8133802812500001 0.3661971828125 0.8151408453125001 0.3661971828125 0.8151408453125001 0.3568075125 0.8169014078125001 0.3568075125 0.818661971875 0.3521126765625 0.818661971875 0.345070421875 0.8204225359375 0.345070421875 0.8204225359375 0.3333333328125 0.8221830984375 0.3333333328125 0.8221830984375 0.30046948281249997 0.818661971875 0.2934272296875 0.8151408453125001 0.2934272296875
2 0.8028169015625 0.3568075125 0.7957746484375 0.361502346875 0.7904929578125001 0.37089201875 0.7904929578125001 0.377934271875 0.7887323937499999 0.377934271875 0.7887323937499999 0.3920187796875 0.7904929578125001 0.3920187796875 0.7904929578125001 0.4084507046875 0.792253521875 0.4084507046875 0.792253521875 0.41784037500000004 0.7957746484375 0.427230046875 0.7975352109375 0.42957746406249997 0.8045774640625 0.42957746406249997 0.818661971875 0.41549295781250006 0.818661971875 0.3896713609375 0.8169014078125001 0.3896713609375 0.8169014078125001 0.377934271875 0.8151408453125001 0.377934271875 0.8151408453125001 0.37089201875 0.8116197187499999 0.361502346875 0.8080985921874999 0.3568075125 0.8028169015625 0.3568075125
2 0.7887323937499999 0.427230046875 0.7834507046875 0.44131455468749997 0.7834507046875 0.4553990609375 0.7852112671875 0.4553990609375 0.7852112671875 0.4624413140625 0.7887323937499999 0.4718309859375 0.794014084375 0.4718309859375 0.8010563375 0.45774647812499997 0.8010563375 0.45070422499999996 0.8028169015625 0.45070422499999996 0.8028169015625 0.4389671359375 0.7975352109375 0.42957746406249997 0.794014084375 0.427230046875 0.7887323937499999 0.427230046875
2 0.720070421875 0.3568075125 0.7183098593749999 0.3568075125 0.720070421875 0.3849765265625 0.7218309859375001 0.3849765265625 0.72359155 0.3990610328125 0.7288732390625 0.413145540625 0.7253521125 0.427230046875 0.7218309859375001 0.42957746406249997 0.7218309859375001 0.43661971875 0.72359155 0.43661971875 0.72359155 0.443661971875 0.7271126765625 0.45305164375 0.7288732390625 0.45305164375 0.7288732390625 0.4624413140625 0.730633803125 0.4624413140625 0.730633803125 0.46948356875 0.732394365625 0.46948356875 0.732394365625 0.476525821875 0.7341549296875 0.4812206578125 0.73767605625 0.4812206578125 0.7394366203125 0.4718309859375 0.7411971828125 0.4718309859375 0.7411971828125 0.4624413140625 0.7447183093749999 0.45774647812499997 0.7464788734375001 0.42253521093749996 0.7447183093749999 0.42253521093749996 0.7447183093749999 0.4084507046875 0.7429577468749999 0.4084507046875 0.7429577468749999 0.3990610328125 0.7394366203125 0.38732394375 0.73767605625 0.38732394375 0.73767605625 0.380281690625 0.7359154921875 0.380281690625 0.7359154921875 0.37323943593750003 0.730633803125 0.361502346875 0.7218309859375001 0.3497652578125 0.720070421875 0.3497652578125 0.720070421875 0.3568075125
2 0.7218309859375001 0.490610328125 0.7183098593749999 0.49530516406249997 0.7183098593749999 0.5070422531250001 0.7253521125 0.5305164312499999 0.7271126765625 0.5352112671875 0.730633803125 0.5352112671875 0.732394365625 0.53286385 0.7359154921875 0.509389671875 0.7359154921875 0.5 0.73767605625 0.5 0.73767605625 0.49530516406249997 0.7359154921875 0.490610328125 0.7218309859375001 0.490610328125
2 0.7517605640625 0.5070422531250001 0.7464788734375001 0.5211267609375 0.7411971828125 0.542253521875 0.7411971828125 0.549295775 0.7447183093749999 0.5539906109375 0.7535211265624999 0.5539906109375 0.7588028171875 0.5469483562499999 0.7588028171875 0.5281690140624999 0.7552816906250001 0.509389671875 0.7535211265624999 0.5070422531250001 0.7517605640625 0.5070422531250001
2 0.68661971875 0.44131455468749997 0.6637323937499999 0.45774647812499997 0.6478873234375 0.476525821875 0.63732394375 0.4976525828125 0.6355633796875 0.5046948359375001 0.644366196875 0.5046948359375001 0.65140845 0.5 0.6725352109375 0.4718309859375 0.6830985921875 0.4647887328125 0.693661971875 0.45070422499999996 0.6954225359375 0.443661971875 0.693661971875 0.44131455468749997 0.68661971875 0.44131455468749997
2 0.88732394375 0.5117370890624999 0.882042253125 0.5187793421875 0.882042253125 0.539906103125 0.88732394375 0.5516431921875 0.892605634375 0.5516431921875 0.8961267609375 0.5469483562499999 0.8961267609375 0.539906103125 0.8978873234375 0.539906103125 0.8978873234375 0.5211267609375 0.892605634375 0.5117370890624999 0.88732394375 0.5117370890624999
2 0.8609154921875 0.5305164312499999 0.857394365625 0.5352112671875 0.855633803125 0.539906103125 0.855633803125 0.5516431921875 0.8591549296875 0.556338028125 0.867957746875 0.556338028125 0.8785211265624999 0.549295775 0.8785211265624999 0.53286385 0.8767605640625 0.5305164312499999 0.8609154921875 0.5305164312499999
2 0.9894366203124999 0.45774647812499997 0.9859154921875 0.460093896875 0.980633803125 0.4788732390625 0.980633803125 0.4976525828125 0.9788732390625 0.4976525828125 0.9788732390625 0.5070422531250001 0.980633803125 0.5070422531250001 0.980633803125 0.5211267609375 0.9841549296875 0.5234741781250001 0.9894366203124999 0.5234741781250001 0.9894366203124999 0.525821596875 0.992957746875 0.525821596875 0.994718309375 0.5234741781250001 0.9982394359375 0.5 0.9982394359375 0.46948356875 0.994718309375 0.460093896875 0.9894366203124999 0.45774647812499997
2 0.9771126765625 0.9295774640625 0.9735915500000001 0.9319248828125 0.9735915500000001 0.950704225 0.9771126765625 0.9553990609375 0.980633803125 0.957746478125 0.9859154921875 0.957746478125 0.9859154921875 0.960093896875 0.994718309375 0.960093896875 1 0.9460093890625 0.9982394359375 0.9460093890625 0.9982394359375 0.9366197187499999 0.994718309375 0.9295774640625 0.9771126765625 0.9295774640625
2 0.832746478125 0.7417840375 0.8292253515624999 0.7441314546875 0.8274647890625 0.7464788734375001 0.8274647890625 0.7511737093749999 0.8292253515624999 0.7511737093749999 0.8292253515624999 0.7605633796875 0.8309859156250001 0.7652582156250001 0.8450704218749999 0.7863849765625 0.8485915500000001 0.7887323937499999 0.855633803125 0.7887323937499999 0.86267605625 0.784037559375 0.86267605625 0.7769953046875 0.857394365625 0.7723004687499999 0.855633803125 0.767605634375 0.855633803125 0.7582159625 0.8538732390625 0.7582159625 0.8538732390625 0.7511737093749999 0.8503521125000001 0.7441314546875 0.832746478125 0.7417840375
2 0.8415492953125 0.030516431249999997 0.8345070421875 0.0352112671875 0.8292253515624999 0.04694835625 0.8292253515624999 0.061032864062500004 0.8274647890625 0.061032864062500004 0.8274647890625 0.103286384375 0.8292253515624999 0.103286384375 0.8292253515624999 0.11032863906249998 0.8309859156250001 0.1150234734375 0.8362676062500001 0.1150234734375 0.8397887328125 0.10798122031249999 0.8397887328125 0.10093896718749999 0.8415492953125 0.10093896718749999 0.8415492953125 0.07981220624999999 0.8450704218749999 0.0774647890625 0.8450704218749999 0.061032864062500004 0.8468309859375 0.061032864062500004 0.8468309859375 0.0352112671875 0.8450704218749999 0.030516431249999997 0.8415492953125 0.030516431249999997
2 0.6038732390625 0.603286384375 0.5915492953125 0.6103286390625 0.5774647890625 0.6314553984375 0.5704225359375 0.671361503125 0.580985915625 0.669014084375 0.5968309859375001 0.6408450703125 0.6038732390625 0.603286384375
2 0.5228873234375 0.380281690625 0.48591549218749996 0.38262910781250004 0.48767605625000005 0.443661971875 0.51232394375 0.4389671359375 0.5228873234375 0.380281690625
2 0.42429577500000004 0.7112676062500001 0.41549295781250006 0.7112676062500001 0.40140845 0.7629107984375 0.41197183125 0.7910798125 0.42429577500000004 0.7934272296875 0.4330985921875 0.7769953046875 0.4330985921875 0.7441314546875 0.42429577500000004 0.7112676062500001
2 0.41373239375 0.40610328593749995 0.40669014062500003 0.4084507046875 0.392605634375 0.44131455468749997 0.3890845078125 0.49530516406249997 0.41197183125 0.476525821875 0.4278169015625 0.43192488281249997 0.41373239375 0.40610328593749995
2 0.5088028171875 0.516431925 0.49471830937499994 0.5046948359375001 0.4788732390625 0.539906103125 0.4788732390625 0.5657277 0.48767605625000005 0.589201878125 0.5052816906250001 0.5751173703125 0.5088028171875 0.5610328640625 0.5088028171875 0.516431925
2 0.6848591546875 0.1338028171875 0.6478873234375 0.154929578125 0.6355633796875 0.171361503125 0.6355633796875 0.1877934265625 0.68661971875 0.1807511734375 0.681338028125 0.17370892031250001 0.6848591546875 0.1338028171875