2 0.6179401999999999 0.59513274375 0.6179401999999999 0.5929203546874999 0.59800664375 0.5929203546874999 0.59800664375 0.59513274375 0.5863787375 0.5973451328125 0.5863787375 0.606194690625 0.59302325625 0.6106194687500001 0.636212625 0.6128318578124999 0.636212625 0.6150442484374999 0.644518271875 0.6150442484374999 0.644518271875 0.6172566374999999 0.6976744187499999 0.6194690265625 0.6976744187499999 0.6172566374999999 0.7026578078125 0.6172566374999999 0.7026578078125 0.6128318578124999 0.6943521593749999 0.606194690625 0.6893687703125 0.606194690625 0.6893687703125 0.6039823015625 0.6279069765624999 0.5973451328125 0.6279069765624999 0.59513274375 0.6179401999999999 0.59513274375
2 0.533222590625 0.4756637171875 0.5299003328125 0.47787610625 0.5299003328125 0.484513275 0.533222590625 0.48893805312499994 0.5199335546875 0.504424778125 0.5199335546875 0.5110619468750001 0.521594684375 0.5132743359374999 0.5265780734375001 0.5176991156249999 0.533222590625 0.5176991156249999 0.5415282390625 0.5110619468750001 0.5448504984375 0.49557522187499997 0.546511628125 0.49336283124999997 0.546511628125 0.484513275 0.5481727578125 0.484513275 0.5481727578125 0.48008849531250003 0.5448504984375 0.4756637171875 0.533222590625 0.4756637171875
2 0.4152823921875 0.3650442484375 0.41196013281250005 0.36946902656249997 0.41196013281250005 0.3761061953125 0.41694352187500006 0.3761061953125 0.41694352187500006 0.378318584375 0.43853820624999995 0.378318584375 0.4401993359375 0.3761061953125 0.4401993359375 0.371681415625 0.4335548171875 0.3517699109375 0.42691029843750006 0.34513274374999997 0.42026578125 0.34513274374999997 0.4186046515625 0.3473451328125 0.4152823921875 0.3650442484375
2 0.47508305625 0.42699115 0.4800664453125 0.43362831875 0.48671096406250003 0.43362831875 0.48671096406250003 0.43584070781250006 0.509966778125 0.43805309687499994 0.51162790625 0.43584070781250006 0.51162790625 0.42920353906250003 0.50664451875 0.422566371875 0.5016611296875 0.422566371875 0.5016611296875 0.42035398281249997 0.48837209374999996 0.415929203125 0.4767441859375 0.415929203125 0.47508305625 0.41814159218749997 0.47508305625 0.42699115
2 0.533222590625 0.5420353984374999 0.5265780734375001 0.5420353984374999 0.5166112953125 0.5464601765625 0.514950165625 0.55088495625 0.514950165625 0.555309734375 0.5166112953125 0.5575221234375001 0.5232558140625 0.5619469031250001 0.5365448500000001 0.5619469031250001 0.5365448500000001 0.5597345125000001 0.5415282390625 0.5597345125000001 0.5448504984375 0.5575221234375001 0.5481727578125 0.55088495625 0.5481727578125 0.5464601765625 0.5415282390625 0.5398230093749999 0.533222590625 0.5398230093749999 0.533222590625 0.5420353984374999
2 0.589700996875 0.5132743359374999 0.5813953484375001 0.5132743359374999 0.5813953484375001 0.5110619468750001 0.5780730890625 0.5110619468750001 0.5730897015624999 0.5154867249999999 0.5714285718750001 0.52212389375 0.57475083125 0.5243362828125 0.5813953484375001 0.5243362828125 0.5813953484375001 0.526548671875 0.59302325625 0.5309734515625 0.59800664375 0.5309734515625 0.601328903125 0.5287610625 0.601328903125 0.5243362828125 0.59800664375 0.5176991156249999 0.5946843859375 0.5154867249999999 0.589700996875 0.5154867249999999 0.589700996875 0.5132743359374999
2 0.589700996875 0.57300885 0.59302325625 0.5796460171875 0.596345515625 0.5818584078125 0.6063122921875 0.5818584078125 0.6129568109375 0.5752212390625 0.6129568109375 0.5663716812499999 0.6096345515625 0.5619469031250001 0.601328903125 0.5619469031250001 0.601328903125 0.5641592921874999 0.5946843859375 0.5641592921874999 0.589700996875 0.5685840703125 0.589700996875 0.57300885
2 0.50664451875 0.5132743359374999 0.50664451875 0.5154867249999999 0.509966778125 0.5154867249999999 0.5132890359375 0.5110619468750001 0.5132890359375 0.5088495578125001 0.509966778125 0.504424778125 0.503322259375 0.504424778125 0.5016611296875 0.50663716875 0.5016611296875 0.5132743359374999 0.50664451875 0.5132743359374999
2 0.6860465109375 0.0973451328125 0.6860465109375 0.1084070796875 0.6893687703125 0.11504424843750001 0.6926910296875 0.1172566375 0.6960132890625 0.11504424843750001 0.6960132890625 0.10398230156249999 0.6943521593749999 0.10398230156249999 0.6943521593749999 0.0973451328125 0.6926910296875 0.0929203546875 0.6893687703125 0.088495575 0.6843853828124999 0.088495575 0.6843853828124999 0.0973451328125 0.6860465109375 0.0973451328125
2 0.6860465109375 0.188053096875 0.687707640625 0.194690265625 0.6943521593749999 0.20353982343750002 0.7059800671875001 0.21238938125 0.7159468437500001 0.21238938125 0.7176079734374999 0.210176990625 0.7176079734374999 0.19911504375 0.7109634546875 0.1902654875 0.6993355484375 0.18362831875000002 0.6926910296875 0.18362831875000002 0.6926910296875 0.1858407078125 0.687707640625 0.1858407078125 0.6860465109375 0.188053096875
2 0.6727574749999999 0.11504424843750001 0.6777408640625 0.11504424843750001 0.6777408640625 0.09070796406250001 0.676079734375 0.088495575 0.657807309375 0.088495575 0.6561461796875 0.09070796406250001 0.657807309375 0.0973451328125 0.6644518265625 0.1084070796875 0.669435215625 0.1128318578125 0.6727574749999999 0.11504424843750001