2 0.942922375 0.699658703125 0.9360730593750001 0.6877133109375 0.9109589046875 0.6740614328125 0.8470319640625 0.6723549484375 0.7557077624999999 0.6313993171875001 0.7328767125 0.6382252562499999 0.6621004562499999 0.6331058015625 0.6643835609375001 0.6484641640625 0.69634703125 0.6569965875 0.7351598171875 0.684300340625 0.9223744296874999 0.7081911265625 0.942922375 0.699658703125
2 1 0.7208297781249999 0.9657534249999999 0.7184300343750001 0.9223744296874999 0.7218430031249999 0.913242009375 0.7286689421875 0.9726027390624999 0.73549488125 1 0.7334470984375 1 0.7208297781249999
2 0.7762557078125 0.619453925 0.7625570781250001 0.595563140625 0.6826484015625 0.5802047781249999 0.7009132421875 0.6075085328125 0.7465753421875 0.621160409375 0.7762557078125 0.619453925
2 0.6529680359375 0.57849829375 0.6438356171875 0.5716723546875 0.634703196875 0.5682593859375 0.62785388125 0.5682593859375 0.62785388125 0.5665529015625 0.6187214609375 0.5665529015625 0.6187214609375 0.564846415625 0.6004566203125 0.564846415625 0.598173515625 0.5665529015625 0.598173515625 0.5682593859375 0.6004566203125 0.5682593859375 0.6004566203125 0.576791809375 0.6027397265625 0.5802047781249999 0.61643835625 0.5870307171875 0.6324200906249999 0.5921501703125001 0.6392694062500001 0.5921501703125001 0.6392694062500001 0.5938566546875 0.6643835609375001 0.5938566546875 0.6666666671875 0.5921501703125001 0.6666666671875 0.5887372015625 0.6552511421875 0.5819112625 0.6529680359375 0.57849829375
2 0.6712328765625 0.617747440625 0.6666666671875 0.6143344703125 0.6621004562499999 0.6126279859375 0.598173515625 0.6126279859375 0.598173515625 0.6109215015625 0.5890410953125 0.6109215015625 0.5799086765625 0.6143344703125 0.5799086765625 0.621160409375 0.5890410953125 0.6262798640625 0.609589040625 0.6262798640625 0.609589040625 0.624573378125 0.6552511421875 0.624573378125 0.6552511421875 0.62286689375 0.6666666671875 0.62286689375 0.6712328765625 0.621160409375 0.6712328765625 0.617747440625
2 0.5890410953125 0.5819112625 0.5844748859375 0.575085325 0.55936073125 0.5682593859375 0.45433789999999996 0.558020478125 0.44063926875000003 0.5546075078125 0.4269406390625 0.5546075078125 0.4200913234375 0.558020478125 0.4200913234375 0.5631399312500001 0.4269406390625 0.5682593859375 0.4452054796875 0.575085325 0.504566209375 0.5853242328125 0.5251141546875 0.6040955625 0.534246575 0.6040955625 0.5365296796875 0.60068259375 0.5662100453125001 0.5904436859375 0.5821917812499999 0.5904436859375 0.5890410953125 0.5819112625
2 0.5821917812499999 0.5511945390624999 0.5776255703125 0.5477815703125 0.563926940625 0.54095563125 0.557077625 0.54095563125 0.557077625 0.539249146875 0.5433789953125 0.5358361781250001 0.5365296796875 0.5358361781250001 0.5365296796875 0.5341296921875001 0.52283105 0.5341296921875001 0.52283105 0.5631399312500001 0.5273972609375 0.5665529015625 0.5616438359375 0.5665529015625 0.575342465625 0.5597269625 0.5821917812499999 0.5546075078125 0.5821917812499999 0.5511945390624999
2 0.5091324203125 0.5290102390625 0.506849315625 0.523890784375 0.4634703203125 0.5051194546875 0.41780821875 0.49658703125 0.40639269375 0.49658703125 0.39497716875 0.4880546078125 0.38356164375 0.4880546078125 0.388127853125 0.5068259390625001 0.41780821875 0.51877133125 0.4337899546875 0.520477815625 0.4337899546875 0.5221842999999999 0.458904109375 0.5307167234375 0.46803652968750004 0.5307167234375 0.46803652968750004 0.5324232078125 0.5 0.5324232078125 0.5091324203125 0.5290102390625
2 0.2876712328125 0.38907849843750003 0.24200913281249997 0.3464163828125 0.237442921875 0.3430034125 0.20547945156249997 0.341296928125 0.1894977171875 0.3276450515625 0.1666666671875 0.3208191125 0.1369863015625 0.2986348125 0.123287671875 0.29692832812500003 0.1301369859375 0.3208191125 0.15068493125 0.337883959375 0.19634703125 0.363481228125 0.226027396875 0.37372013593750003 0.2876712328125 0.4129692828125 0.30593607343749996 0.42150170625000005 0.3173515984375 0.42150170625000005 0.3732009125 0.43422355 0.2876712328125 0.38907849843750003
2 0.39497716875 0.476109215625 0.390410959375 0.4726962453125 0.31963470312500003 0.44368600625 0.29452054843750003 0.44368600625 0.29452054843750003 0.44709897656250003 0.30365296875 0.45221842968750003 0.3219178078125 0.45221842968750003 0.3356164390625 0.45733788437499995 0.34474885781250003 0.46245733749999995 0.3515981734375 0.4709897609375 0.365296803125 0.4778157 0.37214611875000003 0.4778157 0.37214611875000003 0.47952218437500005 0.39269406406249996 0.47952218437500005 0.39497716875 0.476109215625
2 0.1004566203125 0.28327645 0.086757990625 0.2730375421875 0.0799086765625 0.2696245734375 0.05936073125 0.2696245734375 0.05936073125 0.2730375421875 0.075342465625 0.284982934375 0.0799086765625 0.2866894203125 0.1004566203125 0.2866894203125 0.1004566203125 0.28327645
2 0 0.155017065625 0.029680365625 0.2064846421875 0.07077625625 0.2235494875 0.157534246875 0.30375426562499996 0.1940639265625 0.3088737203125 0.17351598125 0.28327645 0.1187214609375 0.2508532421875 0.1073059359375 0.2064846421875 0.0799086765625 0.1791808875 0.075342465625 0.163822525 0.06849315 0.162116040625 0.0547945203125 0.1706484640625 0.0365296796875 0.1655290109375 0 0.120477815625 0 0.155017065625
2 0.02283105 0 0.02283105 0.0716723546875 0.041095890625 0.102389078125 0.0433789953125 0.136518771875 0.052511415625 0.1467576796875 0.063926940625 0.1467576796875 0.057077625 0.0665529015625 0.052511415625 0.0597269625 0.0438726390625 0 0.02283105 0
2 0.40639269375 0.5819112625 0.3995433796875 0.57849829375 0.3698630140625 0.5699658703125 0.3356164390625 0.5716723546875 0.3356164390625 0.5733788390625 0.31050228281250003 0.57849829375 0.31050228281250003 0.5802047781249999 0.2694063921875 0.5870307171875 0.2534246578125 0.595563140625 0.2534246578125 0.60068259375 0.2831050234375 0.6023890781250001 0.2831050234375 0.60068259375 0.296803653125 0.598976109375 0.296803653125 0.597269625 0.30365296875 0.597269625 0.30365296875 0.595563140625 0.31050228281250003 0.595563140625 0.31050228281250003 0.5938566546875 0.36073059375 0.5921501703125001 0.36073059375 0.5904436859375 0.37214611875000003 0.5887372015625 0.40639269375 0.5853242328125 0.40639269375 0.5819112625
2 0.47879973906249995 1 0.47945205468749996 0.99658703125 0.481735159375 0.99658703125 0.4840182640625 0.9744027296875 0.4863013703125 0.9744027296875 0.49315068437500004 0.9658703078125 0.49543379062500004 0.9556314 0.4977168953125 0.9556314 0.49543379062500004 0.9215017062499999 0.49086757968750006 0.9197952218750001 0.4863013703125 0.923208190625 0.481735159375 0.9300341296875001 0.481735159375 0.935153584375 0.47945205468749996 0.935153584375 0.46803652968750004 0.9914675765625001 0.46575342500000005 0.9914675765625001 0.46412263437499995 1 0.47879973906249995 1