2 0.976525821875 0.7429577468749999 0.9788732390625 0.7218309859375001 0.7816901406250001 0.75 0.7300469484375001 0.7816901406250001 0.6572769953125001 0.8133802812500001 0.6267605640625 0.8362676062500001 0.572769953125 0.8503521125000001 0.4812206578125 0.892605634375 0.43427230000000006 0.9014084499999999 0.42253521093749996 0.9102112671875 0.42253521093749996 0.9278169015625 0.42957746406249997 0.9330985921874999 0.45305164375 0.931338028125 0.6197183093749999 0.8521126765625 0.7089201875 0.825704225 0.7253521125 0.8098591546874999 0.83802816875 0.7640845078125 0.976525821875 0.7429577468749999
2 0.22065727656249998 0.9401408453125001 0.22065727656249998 0.9295774640625 0.17370892031250001 0.931338028125 0.1408450703125 0.943661971875 0.1150234734375 0.9718309859375 0.11032863906249998 0.9894366203124999 0.1244131453125 0.992957746875 0.17370892031250001 0.9718309859375 0.22065727656249998 0.9401408453125001
2 0.22535211249999998 1 0.267605634375 0.9894366203124999 0.298122065625 0.9753521125000001 0.2957746484375 0.9665492953125 0.2746478875 0.9612676062500001 0.2417840375 0.9647887328125 0.1830985921875 1 0.22535211249999998 1
2 0.910798121875 0.5721830984375 0.910798121875 0.5598591546875 0.896713615625 0.5545774640625 0.877934271875 0.5580985921875 0.8450704218749999 0.58802816875 0.8262910796874999 0.5897887328125 0.5610328640625 0.73767605625 0.5140845078125 0.7711267609375 0.474178403125 0.8151408453125001 0.40610328593749995 0.8503521125000001 0.380281690625 0.892605634375 0.40375586874999997 0.8978873234375 0.4647887328125 0.8785211265624999 0.509389671875 0.8485915500000001 0.5140845078125 0.832746478125 0.572769953125 0.799295775 0.6807511734375 0.7147887328125 0.7276995312500001 0.6989436625 0.7629107984375 0.6760563375 0.8920187796875 0.6285211265624999 0.9084507046875 0.6021126765625 0.8896713609375 0.5897887328125 0.910798121875 0.5721830984375
2 0.9295774640625 0.48591549218749996 0.927230046875 0.4718309859375 0.9084507046875 0.47007042187500003 0.8427230046874999 0.5246478875 0.82159624375 0.52640845 0.7605633796875 0.5792253515625 0.7511737093749999 0.5792253515625 0.7183098593749999 0.6091549296875 0.685446009375 0.6267605640625 0.66197183125 0.6637323937499999 0.6666666671875 0.6707746484375 0.7441314546875 0.6232394359375 0.7793427234375 0.5862676062500001 0.9014084499999999 0.517605634375 0.9295774640625 0.48591549218749996
2 0.9906103281249999 0.6602112671875 0.9882629109375 0.6496478875 0.9624413140625 0.6602112671875 0.9366197187499999 0.6602112671875 0.9319248828125 0.6778169015625 0.83802816875 0.72359155 0.67840375625 0.7552816906250001 0.671361503125 0.7658450703125 0.6760563375 0.779929578125 0.6971830984375 0.7834507046875 0.7860751171875 0.7472429578125 0.913145540625 0.72359155 0.9906103281249999 0.6602112671875
2 0.9882629109375 0.6267605640625 0.9906103281249999 0.58802816875 0.95305164375 0.6214788734375001 0.896713615625 0.6390845078125 0.8685446015625 0.6355633796875 0.8497652578125001 0.644366196875 0.7910798125 0.681338028125 0.7582159625 0.71302816875 0.7582159625 0.7218309859375001 0.7957746484375 0.72359155 0.8262910796874999 0.7112676062500001 0.8403755875 0.6795774640625 0.8920187796875 0.6848591546875 0.9154929578125 0.6602112671875 0.9882629109375 0.6267605640625
2 0.880281690625 0.9366197187499999 0.87089201875 0.9366197187499999 0.8521126765625 0.943661971875 0.8356807515625 0.9524647890625 0.8262910796874999 0.9595070421875 0.82159624375 0.9665492953125 0.82159624375 0.9718309859375 0.8356807515625 0.9718309859375 0.85446009375 0.9612676062500001 0.8755868546875 0.9524647890625 0.880281690625 0.9454225359375 0.880281690625 0.9366197187499999
2 0.976525821875 0 0.96948356875 0.0211267609375 0.9647887328125 0.028169014062499997 0.9647887328125 0.031690140625 0.96948356875 0.042253521875 0.9788732390625 0.049295775 0.983568075 0.05105633750000001 0.9953051640625 0.05105633750000001 0.9976525828125 0.049295775 0.9976525828125 0.03697183125 0.9882629109375 0.02640845 1 0.02053990625 1 0.006161971875 0.9976525828125 0.005281690625 0.989201878125 0 0.976525821875 0
2 1 0.1848591546875 0.9976525828125 0.1830985921875 0.9882629109375 0.1795774640625 0.983568075 0.1795774640625 0.9812206578125 0.181338028125 0.9812206578125 0.18661971875 0.9788732390625 0.18661971875 0.9788732390625 0.1901408453125 0.9812206578125 0.1901408453125 0.9812206578125 0.1954225359375 0.992957746875 0.20246478906249998 1 0.20246478906249998 1 0.1848591546875
2 0.87089201875 0.038732393749999997 0.8661971828125001 0.0352112671875 0.8615023468749999 0.0334507046875 0.8521126765625 0.0334507046875 0.8521126765625 0.0352112671875 0.8356807515625 0.0352112671875 0.8333333328125001 0.03697183125 0.8333333328125001 0.044014084375 0.8403755875 0.0475352109375 0.8591549296875 0.0475352109375 0.8591549296875 0.045774648437499996 0.8661971828125001 0.045774648437499996 0.87089201875 0.044014084375 0.87089201875 0.038732393749999997
2 0.9553990609375 0.056338028124999995 0.950704225 0.0528169015625 0.9413145546875 0.049295775 0.9295774640625 0.049295775 0.9225352109375 0.0528169015625 0.9225352109375 0.054577464062500004 0.9295774640625 0.06161971875 0.9342722999999999 0.06338028125 0.943661971875 0.06338028125 0.943661971875 0.0651408453125 0.950704225 0.0651408453125 0.9553990609375 0.06161971875 0.9553990609375 0.056338028124999995
2 0.8122065734374999 0.01232394375 0.8122065734374999 0.007042253125 0.8051643187499999 0.0035211265625 0.7793427234375 0.0035211265625 0.7723004687499999 0.007042253125 0.7652582156250001 0.0140845078125 0.7652582156250001 0.0211267609375 0.784037559375 0.03697183125 0.7887323937499999 0.038732393749999997 0.8075117374999999 0.038732393749999997 0.8122065734374999 0.03697183125 0.8122065734374999 0.031690140625 0.8145539906250001 0.031690140625 0.8145539906250001 0.01232394375 0.8122065734374999 0.01232394375
2 0.59624413125 0.4753521125 0.5938967140625 0.47359155 0.5751173703125 0.47711267656249995 0.5680751171875 0.482394365625 0.5680751171875 0.492957746875 0.572769953125 0.4964788734375 0.582159625 0.4964788734375 0.589201878125 0.4911971828125 0.5938967140625 0.48415492968749996 0.5938967140625 0.4788732390625 0.59624413125 0.4788732390625 0.59624413125 0.4753521125
2 0.59624413125 0.5140845078125 0.59624413125 0.5088028171875 0.589201878125 0.5035211265624999 0.5845070421874999 0.5035211265624999 0.5845070421874999 0.519366196875 0.586854459375 0.519366196875 0.586854459375 0.52640845 0.589201878125 0.52640845 0.589201878125 0.5316901406250001 0.5915492953125 0.5352112671875 0.59624413125 0.5352112671875 0.59624413125 0.52640845 0.59859155 0.52640845 0.59859155 0.5140845078125 0.59624413125 0.5140845078125
2 0.284037559375 0.169014084375 0.284037559375 0.16373239374999998 0.281690140625 0.16197183125 0.2746478875 0.16197183125 0.27230046875 0.1654929578125 0.27230046875 0.1795774640625 0.28873239375000004 0.218309859375 0.2910798125 0.218309859375 0.2910798125 0.22535211249999998 0.2934272296875 0.22535211249999998 0.2934272296875 0.230633803125 0.298122065625 0.23591549218750002 0.3028169015625 0.23591549218750002 0.3075117375 0.23415492968749999 0.3075117375 0.21654929531249997 0.30516431875 0.21654929531249997 0.30516431875 0.21126760625 0.3028169015625 0.21126760625 0.3028169015625 0.205985915625 0.2863849765625 0.169014084375 0.284037559375 0.169014084375
2 0.2934272296875 0.299295775 0.2934272296875 0.28697183125 0.2910798125 0.28697183125 0.2910798125 0.279929578125 0.284037559375 0.2711267609375 0.2769953046875 0.257042253125 0.2699530515625 0.257042253125 0.267605634375 0.2588028171875 0.267605634375 0.26584507031250004 0.26525821562499996 0.26584507031250004 0.2629107984375 0.26936619687499996 0.2629107984375 0.279929578125 0.2863849765625 0.318661971875 0.2910798125 0.3169014078125 0.2957746484375 0.30985915468749997 0.2957746484375 0.299295775 0.2934272296875 0.299295775
2 0.3568075125 0.43661971875 0.33802816875 0.4084507046875 0.3239436625 0.3961267609375 0.3169014078125 0.3961267609375 0.3169014078125 0.40492957812499997 0.31924882656250003 0.40492957812499997 0.31924882656250003 0.41197183125 0.3333333328125 0.4348591546875 0.3427230046875 0.443661971875 0.3497652578125 0.4471830984375 0.35446009375 0.4471830984375 0.3568075125 0.44542253593750003 0.3568075125 0.43661971875
2 0.3849765265625 0.0739436625 0.38732394375 0.038732393749999997 0.37089201875 0.0352112671875 0.361502346875 0.042253521875 0.3685446015625 0.0774647890625 0.3849765265625 0.0739436625
2 0.2746478875 0.11267605624999999 0.2699530515625 0.08802816875 0.26525821562499996 0.0845070421875 0.2558685453125 0.0968309859375 0.2582159625 0.1232394359375 0.267605634375 0.1232394359375 0.2746478875 0.11267605624999999