2 0.7588983046875 1 0.755932203125 0.9524886875 0.7338983046875 0.886877828125 0.7220338984375 0.904977375 0.725423728125 1 0.7588983046875 1
2 0.68813559375 0.846153846875 0.6847457625 0.843891403125 0.6813559328125 0.8484162890625001 0.6813559328125 0.86877828125 0.6796610171874999 0.86877828125 0.6796610171874999 0.8710407234374999 0.6813559328125 0.8710407234374999 0.6813559328125 0.8891402718749999 0.683050846875 0.8891402718749999 0.683050846875 0.8959276015625001 0.6847457625 0.9004524890625 0.6949152546875 0.9208144796875001 0.7 0.927601809375 0.7050847453125 0.927601809375 0.7050847453125 0.929864253125 0.7118644062499999 0.929864253125 0.7118644062499999 0.9185520359374999 0.713559321875 0.9185520359374999 0.713559321875 0.9027149328125 0.7118644062499999 0.9027149328125 0.7118644062499999 0.8959276015625001 0.70338983125 0.8710407234374999 0.7 0.86425339375 0.6915254234375 0.8552036203125001 0.68813559375 0.846153846875
2 0.686440678125 0.8054298640625 0.6813559328125 0.8054298640625 0.6813559328125 0.8235294124999999 0.683050846875 0.8235294124999999 0.683050846875 0.8325791859375 0.68813559375 0.846153846875 0.7050847453125 0.8755656109375 0.7084745765625 0.8755656109375 0.7084745765625 0.8416289593749999 0.7067796609375 0.8416289593749999 0.7067796609375 0.8348416296875 0.7050847453125 0.8303167421875 0.70338983125 0.8303167421875 0.70338983125 0.82126696875 0.701694915625 0.8167420812499999 0.6949152546875 0.8099547515625 0.68813559375 0.8099547515625 0.686440678125 0.8054298640625
2 0.6779661015625 0.8325791859375 0.6813559328125 0.837104071875 0.6847457625 0.8348416296875 0.6813559328125 0.796380090625 0.6796610171874999 0.796380090625 0.6796610171874999 0.7873303171875 0.669491525 0.7579185515625 0.6627118640624999 0.7488687781250001 0.6593220343749999 0.7488687781250001 0.6542372875 0.7579185515625 0.6542372875 0.77828054375 0.6644067796875001 0.8076923078125 0.6779661015625 0.8325791859375
2 0.674576271875 0.708144796875 0.674576271875 0.7171945703125 0.67288135625 0.7171945703125 0.674576271875 0.7398190046875001 0.6762711859375 0.7398190046875001 0.6762711859375 0.746606334375 0.6779661015625 0.746606334375 0.6779661015625 0.7579185515625 0.6847457625 0.791855203125 0.686440678125 0.791855203125 0.686440678125 0.798642534375 0.6932203390625 0.8144796375000001 0.69661016875 0.8167420812499999 0.701694915625 0.8167420812499999 0.70338983125 0.8144796375000001 0.701694915625 0.7828054296875 0.7 0.7828054296875 0.7 0.7760181 0.6898305078125 0.7420814484375 0.68813559375 0.7420814484375 0.686440678125 0.7239819 0.683050846875 0.7149321265624999 0.6796610171874999 0.7104072390625 0.674576271875 0.708144796875
2 0.640677965625 0.7420814484375 0.640677965625 0.7511312218749999 0.64237288125 0.7511312218749999 0.64237288125 0.76923076875 0.644067796875 0.76923076875 0.644067796875 0.7760181 0.6457627125000001 0.7805429859374999 0.6491525421875 0.7850678734375001 0.6542372875 0.7850678734375001 0.655932203125 0.7828054296875 0.655932203125 0.7669683265625 0.6593220343749999 0.7601809953124999 0.6593220343749999 0.744343890625 0.65762711875 0.744343890625 0.65762711875 0.7375565609375 0.6525423734375 0.7285067875 0.6474576265625 0.7285067875 0.644067796875 0.7330316734375 0.640677965625 0.7420814484375
2 0.6372881359375 0.662895928125 0.640677965625 0.6855203624999999 0.64237288125 0.6855203624999999 0.64237288125 0.6923076921875 0.6457627125000001 0.708144796875 0.6474576265625 0.708144796875 0.6474576265625 0.7171945703125 0.6491525421875 0.7171945703125 0.6491525421875 0.7239819 0.6508474578125 0.7285067875 0.6542372875 0.7330316734375 0.6627118640624999 0.7330316734375 0.6644067796875001 0.7285067875 0.6627118640624999 0.701357465625 0.655932203125 0.6900452484375 0.6474576265625 0.6674208140625 0.6457627125000001 0.6674208140625 0.6457627125000001 0.658371040625 0.644067796875 0.653846153125 0.640677965625 0.6493212671874999 0.6372881359375 0.6493212671874999 0.6372881359375 0.662895928125
2 0.601694915625 0.7352941171875 0.6067796609375 0.7488687781250001 0.6203389828125 0.7579185515625 0.625423728125 0.7579185515625 0.62711864375 0.755656109375 0.62711864375 0.7488687781250001 0.6288135593749999 0.7488687781250001 0.6288135593749999 0.7352941171875 0.6186440671875 0.6990950218750001 0.6135593218750001 0.6900452484375 0.6084745765624999 0.6900452484375 0.601694915625 0.6945701359374999 0.6 0.6990950218750001 0.601694915625 0.7352941171875
2 0.5915254234375 0.595022625 0.58813559375 0.595022625 0.5847457625 0.5972850671875001 0.5847457625 0.5995475109374999 0.574576271875 0.5995475109374999 0.574576271875 0.6221719453125 0.5779661015625 0.63574660625 0.5847457625 0.653846153125 0.58813559375 0.658371040625 0.5949152546875001 0.658371040625 0.5949152546875001 0.656108596875 0.6 0.656108596875 0.60338983125 0.6515837109375 0.60338983125 0.6334841625000001 0.601694915625 0.6334841625000001 0.601694915625 0.6221719453125 0.6 0.6221719453125 0.6 0.613122171875 0.5949152546875001 0.5995475109374999 0.5915254234375 0.595022625
2 0.6067796609375 0.610859728125 0.6118644062499999 0.6266968328125 0.6152542375000001 0.63122171875 0.62711864375 0.63122171875 0.6355932203125 0.6176470593750001 0.6355932203125 0.610859728125 0.6338983046875 0.610859728125 0.6338983046875 0.6018099546875 0.625423728125 0.5746606328125 0.6220338984375 0.570135746875 0.6050847453125 0.5678733031250001 0.60338983125 0.570135746875 0.60338983125 0.58823529375 0.6067796609375 0.610859728125
2 0.5796610171875 0.4683257921875 0.5779661015625 0.4705882359375 0.574576271875 0.479638009375 0.574576271875 0.48868778281249997 0.57288135625 0.48868778281249997 0.57288135625 0.5045248875 0.571186440625 0.5045248875 0.571186440625 0.5158371046875 0.57288135625 0.5158371046875 0.57288135625 0.524886878125 0.574576271875 0.5294117640625 0.5779661015625 0.5361990953125 0.5847457625 0.5361990953125 0.5898305078125 0.524886878125 0.5898305078125 0.5158371046875 0.5915254234375 0.5158371046875 0.5915254234375 0.5067873296875 0.5898305078125 0.5067873296875 0.5898305078125 0.48868778281249997 0.58813559375 0.48868778281249997 0.58813559375 0.479638009375 0.583050846875 0.4683257921875 0.5796610171875 0.4683257921875
2 0.583050846875 0.343891403125 0.5796610171875 0.36199095 0.5796610171875 0.37556561093749996 0.5779661015625 0.37556561093749996 0.5779661015625 0.42081447968749996 0.5796610171875 0.42081447968749996 0.5796610171875 0.432126696875 0.586440678125 0.4524886875 0.5915254234375 0.45701357500000006 0.5949152546875001 0.45022624375 0.5949152546875001 0.44117647031249996 0.5966101687500001 0.44117647031249996 0.5966101687500001 0.40723981875000004 0.598305084375 0.3710407234375 0.6 0.3710407234375 0.6 0.3484162890625 0.598305084375 0.343891403125 0.5932203390625 0.339366515625 0.586440678125 0.339366515625 0.583050846875 0.343891403125
2 0.5576271187499999 0.5339366515624999 0.5525423734375 0.5339366515624999 0.5491525421875 0.5361990953125 0.5491525421875 0.5542986421875 0.5508474578125 0.5542986421875 0.5508474578125 0.5610859734375 0.5576271187499999 0.5769230765625 0.5593220343749999 0.5791855203125 0.574576271875 0.5791855203125 0.5762711859375 0.5746606328125 0.5762711859375 0.5678733031250001 0.574576271875 0.5678733031250001 0.574576271875 0.5565610859375 0.57288135625 0.5565610859375 0.57288135625 0.54977375625 0.5677966109375 0.5361990953125 0.5644067796875001 0.5316742078125001 0.5576271187499999 0.5316742078125001 0.5576271187499999 0.5339366515624999
2 0.516949153125 0.41176470624999995 0.5135593218750001 0.41176470624999995 0.5135593218750001 0.41402715 0.516949153125 0.4162895921875 0.5152542375 0.4230769234375 0.516949153125 0.42760180937500003 0.5203389828125 0.47737556562499994 0.52711864375 0.48868778281249997 0.5322033890625 0.5045248875 0.5372881359375 0.5135746609375 0.540677965625 0.5158371046875 0.54237288125 0.5113122171875 0.540677965625 0.47511312187500004 0.5389830515625 0.47511312187500004 0.5389830515625 0.4683257921875 0.5372881359375 0.4683257921875 0.5372881359375 0.4615384609375 0.5355932203125 0.4615384609375 0.5355932203125 0.45475113125 0.5338983046875 0.45475113125 0.5322033890625 0.434389140625 0.516949153125 0.41176470624999995
2 0.51186440625 0.45022624375 0.51186440625 0.4185520359375 0.5084745765625 0.40950226250000005 0.49661016875 0.3936651578125 0.49152542343750005 0.391402715625 0.49152542343750005 0.41176470624999995 0.49491525468750003 0.429864253125 0.5050847453125 0.45475113125 0.5101694921875 0.45475113125 0.51186440625 0.45022624375
2 0.48813559375000004 0.41402715 0.4932203390625 0.41402715 0.4932203390625 0.386877828125 0.49152542343750005 0.386877828125 0.49152542343750005 0.3778280546875 0.4796610171875 0.346153846875 0.469491525 0.3325791859375 0.4677966109375 0.3325791859375 0.4677966109375 0.3574660640625 0.47118644062500004 0.37556561093749996 0.48474576249999995 0.40950226250000005 0.48813559375000004 0.41402715
2 0.45762711874999995 0.3574660640625 0.46101694843749996 0.36199095 0.4661016953125 0.36199095 0.4661016953125 0.3280542984375 0.4627118640625 0.319004525 0.45932203437499997 0.31447963749999996 0.455932203125 0.31674208125000003 0.455932203125 0.3235294125 0.4542372875 0.3235294125 0.4542372875 0.34162895937500004 0.455932203125 0.34162895937500004 0.455932203125 0.3529411765625 0.45762711874999995 0.3574660640625
2 0.40847457656249997 0.31447963749999996 0.4101694921875 0.31447963749999996 0.4101694921875 0.32126696875 0.41355932187500005 0.3303167421875 0.425423728125 0.346153846875 0.4322033890625 0.346153846875 0.4355932203125 0.343891403125 0.43898305156250006 0.337104071875 0.43898305156250006 0.3348416296875 0.43728813593750004 0.3348416296875 0.43728813593750004 0.3280542984375 0.4355932203125 0.3235294125 0.416949153125 0.296380090625 0.41186440625 0.296380090625 0.40847457656249997 0.3031674203125 0.40847457656249997 0.31447963749999996
2 0.36949152500000004 0.27828054375 0.3813559328125 0.291855203125 0.386440678125 0.296380090625 0.4 0.296380090625 0.401694915625 0.294117646875 0.401694915625 0.2873303171875 0.4 0.2873303171875 0.4 0.27149321249999997 0.39661016875 0.2624434390625 0.383050846875 0.2420814484375 0.3677966109375 0.2420814484375 0.3661016953125 0.246606334375 0.3661016953125 0.27149321249999997 0.36949152500000004 0.27828054375
2 0.35593220312499996 0.2194570140625 0.3508474578125 0.2126696828125 0.3457627125 0.2126696828125 0.3457627125 0.21040723906249997 0.33898305156249997 0.21040723906249997 0.33898305156249997 0.208144796875 0.3355932203125 0.208144796875 0.3355932203125 0.2420814484375 0.3474576265625 0.2647058828125 0.3525423734375 0.26923076875 0.35593220312499996 0.27149321249999997 0.3627118640625 0.27149321249999997 0.3627118640625 0.26696832656249997 0.3610169484375 0.26696832656249997 0.3610169484375 0.2601809953125 0.359322034375 0.2579185515625 0.359322034375 0.246606334375 0.3610169484375 0.2420814484375 0.3610169484375 0.23755656093750002 0.359322034375 0.23755656093750002 0.359322034375 0.22850678750000003 0.35593220312499996 0.2194570140625
2 0.313559321875 0.1651583703125 0.313559321875 0.1719457015625 0.3355932203125 0.20135746562499998 0.3491525421875 0.21040723906249997 0.3542372875 0.21040723906249997 0.3542372875 0.20135746562499998 0.3525423734375 0.1968325796875 0.3508474578125 0.1968325796875 0.3508474578125 0.1877828046875 0.3491525421875 0.1877828046875 0.3491525421875 0.180995475 0.3457627125 0.1742081453125 0.34237288125 0.1696832578125 0.3355932203125 0.1651583703125 0.313559321875 0.1651583703125
2 0.3152542375 0.2171945703125 0.3322033890625 0.2194570140625 0.33050847499999997 0.20361990937500002 0.28983050781249997 0.15837104062500001 0.2508474578125 0.1266968328125 0.225423728125 0.08597285 0.10338983125000001 0.0294117640625 0.10338983125000001 0.0384615390625 0.113559321875 0.0520361984375 0.1932203390625 0.1040723984375 0.20677966093750003 0.1221719453125 0.2372881359375 0.1425339359375 0.3152542375 0.2171945703125
2 0 0.07579185468750001 0.006779660937499999 0.0769230765625 0.006779660937499999 0.07918552031250001 0.016949153124999998 0.0814479640625 0.016949153124999998 0.0837104078125 0.0372881359375 0.08597285 0.0677966109375 0.08823529375 0.08813559374999999 0.08597285 0.08813559374999999 0.0814479640625 0.083050846875 0.0814479640625 0.083050846875 0.07918552031250001 0.054237287499999995 0.070135746875 0.054237287499999995 0.06787330312499999 0.0322033890625 0.065610859375 0.011864406249999999 0.065610859375 0.011864406249999999 0.06787330312499999 0.0050847453125 0.06787330312499999 0 0.069812540625 0 0.07579185468750001