2 0.71555555625 0.365 0.71555555625 0.38166666718750003 0.722222221875 0.38166666718750003 0.7311111109375 0.3783333328125 0.7311111109375 0.37 0.7288888890624999 0.37 0.7288888890624999 0.365 0.71555555625 0.365
2 0.8444444437499999 0.3633333328125 0.8422222218750001 0.365 0.8422222218750001 0.3783333328125 0.8444444437499999 0.38 0.8511111109374999 0.38 0.8533333328125 0.3783333328125 0.8533333328125 0.365 0.8511111109374999 0.3633333328125 0.8444444437499999 0.3633333328125
2 0.9466666671875 0.3616666671875 0.9444444437499999 0.365 0.9444444437499999 0.3716666671875 0.9466666671875 0.37333333281250003 0.95555555625 0.37333333281250003 0.96 0.37 0.96 0.365 0.9533333328125 0.3616666671875 0.9466666671875 0.3616666671875
2 0.9 0.3616666671875 0.8977777781249999 0.3633333328125 0.8977777781249999 0.375 0.9044444437499999 0.375 0.9066666671875 0.37333333281250003 0.9111111109375001 0.36833333281249997 0.9111111109375001 0.3633333328125 0.9088888890625 0.3616666671875 0.9 0.3616666671875
2 0.8133333328125 0.36 0.802222221875 0.36 0.8 0.3616666671875 0.8 0.36666666718749996 0.8044444437499999 0.3716666671875 0.8088888890625 0.3716666671875 0.8133333328125 0.36833333281249997 0.8133333328125 0.3633333328125 0.81555555625 0.3633333328125 0.8133333328125 0.36
2 0.8066666671875 0.3916666671875 0.8111111109375001 0.39 0.8133333328125 0.3883333328125 0.8133333328125 0.385 0.8066666671875 0.38166666718750003 0.7977777781250001 0.38166666718750003 0.7977777781250001 0.38 0.7933333328125001 0.38 0.7866666671875 0.38333333281250004 0.7866666671875 0.39 0.7888888890625 0.3933333328125 0.7977777781250001 0.3933333328125 0.7977777781250001 0.3916666671875 0.8066666671875 0.3916666671875
2 0.6866666671874999 0.3716666671875 0.68444444375 0.37 0.67555555625 0.37 0.66444444375 0.3783333328125 0.66444444375 0.3883333328125 0.6666666671875 0.3916666671875 0.6733333328125 0.395 0.6777777781250001 0.395 0.682222221875 0.3916666671875 0.6866666671874999 0.385 0.6866666671874999 0.3716666671875
2 0.6488888890625 0.3933333328125 0.6488888890625 0.3883333328125 0.6311111109375 0.37666666718749997 0.622222221875 0.37666666718749997 0.62 0.3783333328125 0.62 0.3883333328125 0.622222221875 0.3916666671875 0.6288888890625 0.395 0.64 0.395 0.64 0.3933333328125 0.6488888890625 0.3933333328125
2 0.557777778125 0.385 0.557777778125 0.39 0.5711111109375 0.395 0.58 0.3883333328125 0.58 0.385 0.57555555625 0.38166666718750003 0.5666666671875 0.38166666718750003 0.557777778125 0.385
2 0.5377777781249999 0.395 0.5377777781249999 0.3916666671875 0.5266666671875 0.38166666718750003 0.5177777781249999 0.38166666718750003 0.51555555625 0.385 0.51555555625 0.3916666671875 0.5177777781249999 0.395 0.522222221875 0.3966666671875 0.5311111109375 0.3966666671875 0.5311111109375 0.395 0.5377777781249999 0.395
2 0.4733333328125 0.38 0.4688888890625 0.38333333281250004 0.4688888890625 0.3866666671875 0.4733333328125 0.39 0.48 0.39 0.482222221875 0.3883333328125 0.482222221875 0.38333333281250004 0.48 0.38 0.4733333328125 0.38
2 0.43777777812499996 0.39 0.442222221875 0.39 0.442222221875 0.3883333328125 0.44888888906249996 0.3883333328125 0.44444444375 0.38166666718750003 0.442222221875 0.38166666718750003 0.442222221875 0.37 0.43777777812499996 0.36833333281249997 0.4266666671875 0.36833333281249997 0.42444444375 0.3716666671875 0.42888888906249995 0.3866666671875 0.4311111109375 0.3883333328125 0.43777777812499996 0.3883333328125 0.43777777812499996 0.39
2 0.622222221875 0.3616666671875 0.6244444437500001 0.3583333328125 0.61555555625 0.3516666671875 0.6111111109375 0.35 0.5888888890625 0.35 0.5533333328125 0.3533333328125 0.5533333328125 0.3566666671875 0.557777778125 0.36 0.562222221875 0.3616666671875 0.57555555625 0.3616666671875 0.57555555625 0.3633333328125 0.617777778125 0.3633333328125 0.622222221875 0.3616666671875
2 0.57555555625 0.3466666671875 0.597777778125 0.3466666671875 0.602222221875 0.34500000000000003 0.6066666671875 0.3383333328125 0.6066666671875 0.3283333328125 0.6044444437500001 0.3266666671875 0.597777778125 0.3266666671875 0.597777778125 0.3283333328125 0.5599999999999999 0.3283333328125 0.557777778125 0.32999999999999996 0.557777778125 0.3383333328125 0.5599999999999999 0.3416666671875 0.5666666671875 0.34500000000000003 0.57555555625 0.34500000000000003 0.57555555625 0.3466666671875
2 0.5666666671875 0.33166666718750004 0.5711111109375 0.3283333328125 0.5711111109375 0.3233333328125 0.5688888890625 0.32166666718750003 0.557777778125 0.3166666671875 0.542222221875 0.3133333328125 0.5266666671875 0.3133333328125 0.522222221875 0.3333333328125 0.5266666671875 0.335 0.5555555562500001 0.335 0.5555555562500001 0.3333333328125 0.562222221875 0.3333333328125 0.5666666671875 0.33166666718750004
2 0.52 0.325 0.52 0.3183333328125 0.5133333328125 0.3183333328125 0.502222221875 0.32999999999999996 0.502222221875 0.335 0.5066666671875 0.335 0.5066666671875 0.3333333328125 0.5133333328125 0.3333333328125 0.5177777781249999 0.32999999999999996 0.5177777781249999 0.325 0.52 0.325
2 0.44666666718750003 0.3266666671875 0.46666666718750005 0.3266666671875 0.46666666718750005 0.325 0.4733333328125 0.325 0.47555555624999996 0.3233333328125 0.47555555624999996 0.3166666671875 0.4711111109375 0.31 0.46666666718750005 0.3066666671875 0.457777778125 0.30333333281249997 0.4511111109375 0.30333333281249997 0.44666666718750003 0.3066666671875 0.44666666718750003 0.3116666671875 0.442222221875 0.3133333328125 0.442222221875 0.32166666718750003 0.44444444375 0.325 0.44666666718750003 0.3266666671875
2 0.442222221875 0.3466666671875 0.442222221875 0.3416666671875 0.43777777812499996 0.335 0.42888888906249995 0.32999999999999996 0.41555555625 0.32999999999999996 0.41111111093749997 0.3333333328125 0.41111111093749997 0.34500000000000003 0.41555555625 0.3483333328125 0.43555555625000003 0.3483333328125 0.43555555625000003 0.3466666671875 0.442222221875 0.3466666671875
2 0.39555555625 0.32999999999999996 0.3911111109375 0.3283333328125 0.38 0.3283333328125 0.37555555625000003 0.32999999999999996 0.37333333281250003 0.33166666718750004 0.37333333281250003 0.3383333328125 0.3711111109375 0.3383333328125 0.3711111109375 0.34500000000000003 0.37555555625000003 0.3483333328125 0.3888888890625 0.3483333328125 0.3933333328125 0.34500000000000003 0.39555555625 0.32999999999999996
2 0.32 0.3333333328125 0.3288888890625 0.33999999999999997 0.342222221875 0.3466666671875 0.3533333328125 0.3466666671875 0.3533333328125 0.34500000000000003 0.36222222187500003 0.34500000000000003 0.36666666718749996 0.3433333328125 0.3711111109375 0.33999999999999997 0.3711111109375 0.3283333328125 0.3688888890625 0.325 0.36 0.32 0.35111111093749997 0.32 0.35111111093749997 0.3183333328125 0.3333333328125 0.3183333328125 0.3333333328125 0.32 0.3266666671875 0.32 0.322222221875 0.32166666718750003 0.317777778125 0.3266666671875 0.32 0.3333333328125
2 0.42000000000000004 0.3166666671875 0.42888888906249995 0.30333333281249997 0.40444444375 0.3016666671875 0.382222221875 0.3016666671875 0.38 0.30333333281249997 0.38 0.3166666671875 0.3866666671875 0.3233333328125 0.397777778125 0.3233333328125 0.397777778125 0.32166666718750003 0.4066666671875 0.32166666718750003 0.4066666671875 0.32 0.41333333281250006 0.32 0.42000000000000004 0.3166666671875
2 0.32 0.3016666671875 0.32444444375 0.3 0.3333333328125 0.29333333281249996 0.3333333328125 0.29 0.3311111109375 0.29 0.3311111109375 0.28500000000000003 0.32444444375 0.2783333328125 0.32 0.2766666671875 0.3111111109375 0.2766666671875 0.30444444375 0.2816666671875 0.3 0.2883333328125 0.3 0.2966666671875 0.3066666671875 0.3016666671875 0.32 0.3016666671875
2 0.2866666671875 0.325 0.30222222187500003 0.325 0.30222222187500003 0.3266666671875 0.3066666671875 0.325 0.3066666671875 0.3183333328125 0.3088888890625 0.3183333328125 0.3088888890625 0.315 0.30222222187500003 0.31 0.29333333281249996 0.31 0.29333333281249996 0.3083333328125 0.2888888890625 0.3083333328125 0.2888888890625 0.31 0.27999999999999997 0.31 0.27999999999999997 0.3233333328125 0.2866666671875 0.3233333328125 0.2866666671875 0.325
2 0.27555555625 0.27999999999999997 0.27777777812500004 0.2766666671875 0.27777777812500004 0.2683333328125 0.2711111109375 0.2683333328125 0.2711111109375 0.2666666671875 0.2666666671875 0.2666666671875 0.2533333328125 0.2783333328125 0.2533333328125 0.2833333328125 0.25555555625 0.28500000000000003 0.262222221875 0.28500000000000003 0.262222221875 0.2866666671875 0.26444444375 0.2866666671875 0.27555555625 0.27999999999999997
2 0.24 0.30333333281249997 0.23777777812499998 0.30333333281249997 0.23777777812499998 0.2983333328125 0.23555555625000002 0.2966666671875 0.2311111109375 0.2966666671875 0.2266666671875 0.3016666671875 0.2266666671875 0.3083333328125 0.2288888890625 0.3116666671875 0.23777777812499998 0.3133333328125 0.24 0.3116666671875 0.24 0.30333333281249997
2 0.8266666671875 0.22833333281249998 0.8266666671875 0.23333333281250002 0.8288888890624999 0.23500000000000001 0.837777778125 0.23500000000000001 0.8444444437499999 0.2316666671875 0.8488888890625 0.22833333281249998 0.8488888890625 0.2216666671875 0.837777778125 0.2216666671875 0.8266666671875 0.22833333281249998
2 0.34888888906250004 0.2266666671875 0.34888888906250004 0.225 0.3333333328125 0.225 0.3288888890625 0.2266666671875 0.31555555625 0.2366666671875 0.31555555625 0.24 0.317777778125 0.2416666671875 0.32444444375 0.2416666671875 0.32444444375 0.24333333281249997 0.3288888890625 0.24333333281249997 0.33555555625 0.24 0.34888888906250004 0.2266666671875
2 0.8066666671875 0.6166666671875001 0.8044444437499999 0.6133333328125 0.8 0.6133333328125 0.7866666671875 0.6233333328125 0.7866666671875 0.6433333328125 0.7888888890625 0.6466666671875 0.79555555625 0.6466666671875 0.802222221875 0.6366666671875 0.8066666671875 0.6333333328124999 0.8066666671875 0.6166666671875001
2 0.762222221875 0.625 0.76 0.625 0.76 0.6283333328125 0.762222221875 0.6316666671875 0.7688888890625 0.635 0.7755555562499999 0.635 0.78444444375 0.6316666671875 0.78444444375 0.6266666671875 0.7866666671875 0.6266666671875 0.7866666671875 0.62 0.78444444375 0.62 0.78444444375 0.615 0.78 0.6133333328125 0.78 0.6083333328125 0.7755555562499999 0.6066666671875 0.7733333328125 0.61 0.76444444375 0.6166666671875001 0.762222221875 0.62 0.762222221875 0.625
2 0.8644444437500001 0.48 0.877777778125 0.48 0.877777778125 0.48166666718749995 0.88444444375 0.48166666718749995 0.88444444375 0.48 0.89555555625 0.48 0.89555555625 0.4783333328125 0.9044444437499999 0.4783333328125 0.9066666671875 0.4766666671875 0.9066666671875 0.4733333328125 0.8977777781249999 0.46666666718750005 0.88444444375 0.46166666718749994 0.877777778125 0.46166666718749994 0.877777778125 0.45999999999999996 0.8688888890625 0.45999999999999996 0.8688888890625 0.4583333328125 0.85555555625 0.4583333328125 0.8511111109374999 0.46166666718749994 0.8511111109374999 0.465 0.8644444437500001 0.48