2 0.2871621625 0.6081081078125 0.341216215625 0.60585585625 0.341216215625 0.603603603125 0.3496621625 0.603603603125 0.3496621625 0.6013513515625 0.39358108125 0.5990990984375 0.40033783749999996 0.5945945953125 0.40033783749999996 0.5855855859375 0.3885135140625 0.5833333328125 0.3885135140625 0.58108108125 0.36824324375 0.58108108125 0.36824324375 0.5833333328125 0.3581081078125 0.5833333328125 0.3581081078125 0.5855855859375 0.2956081078125 0.5923423421875 0.2956081078125 0.5945945953125 0.290540540625 0.5945945953125 0.2820945953125 0.6013513515625 0.2820945953125 0.60585585625 0.2871621625 0.60585585625 0.2871621625 0.6081081078125
2 0.4611486484375 0.5045045046875 0.466216215625 0.5 0.46790540468749997 0.4977477484375 0.46790540468749997 0.490990990625 0.4543918921875 0.475225225 0.45777027031250006 0.4707207203125 0.45777027031250006 0.4639639640625 0.4543918921875 0.4617117109375 0.4425675671875 0.4617117109375 0.4391891890625 0.466216215625 0.4391891890625 0.4707207203125 0.440878378125 0.4707207203125 0.440878378125 0.47972972968749994 0.4425675671875 0.48198198124999997 0.4459459453125 0.4977477484375 0.4543918921875 0.5045045046875 0.4611486484375 0.5045045046875
2 0.572635134375 0.3603603609375 0.577702703125 0.3603603609375 0.577702703125 0.353603603125 0.574324325 0.34909909843750003 0.5709459453125 0.33108108125 0.5692567562499999 0.328828828125 0.5625 0.328828828125 0.5557432437500001 0.3355855859375 0.5489864859375 0.35585585625 0.5489864859375 0.3603603609375 0.550675675 0.3626126125 0.572635134375 0.3626126125 0.572635134375 0.3603603609375
2 0.478040540625 0.4234234234375 0.5016891890624999 0.421171171875 0.5016891890624999 0.41891891875000004 0.5084459453125 0.41891891875000004 0.5135135140625 0.41216216250000004 0.5135135140625 0.403153153125 0.511824325 0.40090090156249997 0.5 0.40090090156249997 0.48648648593750005 0.40540540468749997 0.48648648593750005 0.40765765781249996 0.48141891875000004 0.40765765781249996 0.4763513515625 0.4144144140625 0.4763513515625 0.421171171875 0.478040540625 0.4234234234375
2 0.4645270265625 0.5495495499999999 0.471283784375 0.5450450453125 0.4729729734375 0.5427927921875 0.4729729734375 0.5382882890625 0.471283784375 0.533783784375 0.4611486484375 0.5292792796875 0.4543918921875 0.5292792796875 0.4543918921875 0.5270270265625 0.4459459453125 0.5270270265625 0.4391891890625 0.533783784375 0.4391891890625 0.5382882890625 0.4425675671875 0.5450450453125 0.4459459453125 0.547297296875 0.45101351406249995 0.547297296875 0.45101351406249995 0.5495495499999999 0.4645270265625 0.5495495499999999
2 0.40540540468749997 0.5112612609375 0.41216216250000004 0.5112612609375 0.415540540625 0.5090090093749999 0.4138513515625 0.5022522515625 0.408783784375 0.4977477484375 0.40540540468749997 0.4977477484375 0.40540540468749997 0.5 0.396959459375 0.5 0.396959459375 0.5022522515625 0.3918918921875 0.5022522515625 0.3885135140625 0.5045045046875 0.385135134375 0.5112612609375 0.385135134375 0.515765765625 0.3885135140625 0.5180180187500001 0.39358108125 0.5180180187500001 0.40540540468749997 0.5135135140625 0.40540540468749997 0.5112612609375
2 0.390202703125 0.5698198203125 0.39358108125 0.5675675671875 0.396959459375 0.5608108109375001 0.396959459375 0.55630630625 0.3918918921875 0.5518018015624999 0.385135134375 0.5518018015624999 0.385135134375 0.5495495499999999 0.37668918906250004 0.5495495499999999 0.37331081093749996 0.5540540546875 0.37331081093749996 0.5630630625 0.3800675671875 0.5698198203125 0.390202703125 0.5698198203125
2 0.48141891875000004 0.5 0.48648648593750005 0.5 0.48648648593750005 0.49324324375 0.48479729687499995 0.490990990625 0.478040540625 0.490990990625 0.47466216250000004 0.49549549531250003 0.47466216250000004 0.4977477484375 0.478040540625 0.5022522515625 0.48141891875000004 0.5022522515625 0.48141891875000004 0.5
2 0.2922297296875 0.096846846875 0.2956081078125 0.0945945953125 0.2989864859375 0.0878378375 0.2989864859375 0.0765765765625 0.30067567500000003 0.0765765765625 0.30067567500000003 0.0675675671875 0.2956081078125 0.0675675671875 0.2922297296875 0.072072071875 0.290540540625 0.0765765765625 0.290540540625 0.08333333281250001 0.2888513515625 0.08333333281250001 0.2888513515625 0.0945945953125 0.2922297296875 0.096846846875
2 0.278716215625 0.19369369375 0.290540540625 0.18468468437500002 0.297297296875 0.175675675 0.2989864859375 0.16891891875 0.297297296875 0.1666666671875 0.2922297296875 0.1666666671875 0.2922297296875 0.1644144140625 0.2854729734375 0.1644144140625 0.2736486484375 0.171171171875 0.2668918921875 0.1801801796875 0.2668918921875 0.1914414421875 0.26858108125 0.19369369375 0.278716215625 0.19369369375
2 0.3125 0.0945945953125 0.31587837812499997 0.09234234218750001 0.3209459453125 0.0878378375 0.327702703125 0.0765765765625 0.3293918921875 0.0698198203125 0.327702703125 0.0675675671875 0.30912162187500003 0.0675675671875 0.3074324328125 0.0698198203125 0.3074324328125 0.0945945953125 0.3125 0.0945945953125