2 0.125 0.690625 0.10069375 0.6984375 0.06875 0.6984375 0.0625 0.7125 0.07083333333333333 0.7203125 0.20416666666666666 0.73125 0.32708333333333334 0.7546875 0.3625 0.7765625 0.4479166666666667 0.8125 0.5416666666666666 0.8421875 0.5604166666666667 0.859375 0.5979166666666667 0.8765625 0.6770833333333334 0.896875 0.7270833333333333 0.9203125 0.8 0.934375 0.8729166666666667 0.9578125 0.9104166666666667 0.959375 0.9208333333333333 0.953125 0.9270833333333334 0.934375 0.9 0.9078125 0.7958333333333333 0.8625 0.26458333333333334 0.565625 0.24583333333333332 0.55 0.20208333333333334 0.54375 0.15 0.5171875 0.14166666666666666 0.521875 0.14166666666666666 0.5328125 0.41493749999999996 0.7315031249999999 0.09791666666666667 0.6 0.075 0.59375 0.08541666666666667 0.6484375 0.125 0.690625
2 0.03125 0.5203125 0.06458333333333334 0.5125 0.1125 0.490625 0.16041666666666668 0.4828125 0.26875 0.4796875 0.26666666666666666 0.4671875 0.21875 0.4546875 0.18541666666666667 0.453125 0.16458333333333333 0.459375 0.03958333333333333 0.45625 0.025 0.4609375 0.03125 0.5203125
2 0.06458333333333334 0.3 0.07083333333333333 0.3 0.07083333333333333 0.3015625 0.08125 0.3015625 0.11458333333333333 0.2984375 0.125 0.2921875 0.125 0.2828125 0.12291666666666666 0.28125 0.11041666666666666 0.28125 0.09375 0.2890625 0.09166666666666666 0.2921875 0.08541666666666667 0.2921875 0.08541666666666667 0.29375 0.07291666666666667 0.29375 0.06458333333333334 0.2984375 0.06458333333333334 0.3
2 0.03333333333333333 0.2234375 0.03958333333333333 0.228125 0.06041666666666667 0.228125 0.06041666666666667 0.2265625 0.06666666666666667 0.2265625 0.06875 0.225 0.06875 0.209375 0.06666666666666667 0.2078125 0.06041666666666667 0.2078125 0.05625 0.2015625 0.04791666666666667 0.2015625 0.03958333333333333 0.20625 0.03333333333333333 0.215625 0.03333333333333333 0.2234375
2 0 0.253125 0.010416666666666666 0.240625 0.010416666666666666 0.2359375 0.0125 0.2359375 0.016666666666666666 0.221875 0.01875 0.221875 0.020833333333333332 0.2078125 0.025 0.2046875 0.025 0.1890625 0.0375 0.1765625 0.04583333333333333 0.1765625 0.05416666666666667 0.1734375 0.06458333333333334 0.159375 0.06458333333333334 0.1546875 0.058333333333333334 0.1546875 0.03333333333333333 0.165625 0.020833333333333332 0.1734375 0.014583333333333334 0.1828125 0.014583333333333334 0.209375 0.0125 0.209375 0.0125 0.215625 0.010416666666666666 0.215625 0.00625 0.2296875 0 0.234375 0 0.253125
2 0.022916666666666665 0.1140625 0.022916666666666665 0.1203125 0.025 0.121875 0.035416666666666666 0.121875 0.05625 0.1078125 0.06458333333333334 0.0921875 0.06458333333333334 0.0859375 0.06041666666666667 0.0859375 0.0375 0.1 0.029166666666666667 0.1078125 0.025 0.109375 0.025 0.1140625 0.022916666666666665 0.1140625
2 0.11041666666666666 0.16875 0.10833333333333334 0.171875 0.10833333333333334 0.178125 0.11666666666666667 0.178125 0.11666666666666667 0.1796875 0.13333333333333333 0.1796875 0.13958333333333334 0.1765625 0.13958333333333334 0.159375 0.1375 0.1578125 0.12708333333333333 0.1578125 0.12708333333333333 0.15625 0.12083333333333333 0.15625 0.11666666666666667 0.1578125 0.1125 0.1625 0.1125 0.16875 0.11041666666666666 0.16875
2 0.10625 0.14375 0.10833333333333334 0.1453125 0.12708333333333333 0.1453125 0.12916666666666668 0.1421875 0.12916666666666668 0.1359375 0.125 0.1328125 0.1125 0.1328125 0.10625 0.1375 0.10625 0.14375
2 0.21041666666666667 0.13125 0.21666666666666667 0.134375 0.22291666666666668 0.134375 0.22291666666666668 0.1359375 0.26666666666666666 0.1359375 0.27708333333333335 0.1296875 0.27708333333333335 0.1265625 0.27291666666666664 0.1234375 0.26666666666666666 0.1234375 0.26666666666666666 0.121875 0.25625 0.121875 0.25625 0.1203125 0.21875 0.11875 0.2125 0.121875 0.21041666666666667 0.125 0.21041666666666667 0.13125
2 0.20833333333333334 0.175 0.21041666666666667 0.175 0.21041666666666667 0.1796875 0.2125 0.18125 0.21875 0.18125 0.225 0.1765625 0.23958333333333334 0.1703125 0.24375 0.1671875 0.24791666666666667 0.1609375 0.24791666666666667 0.15625 0.25 0.15625 0.25 0.15 0.24583333333333332 0.14375 0.24166666666666667 0.140625 0.2375 0.140625 0.2375 0.1421875 0.22708333333333333 0.1421875 0.21875 0.1484375 0.20833333333333334 0.1640625 0.20833333333333334 0.175
2 0.27291666666666664 0.1296875 0.2791666666666667 0.1328125 0.28958333333333336 0.1328125 0.28958333333333336 0.134375 0.2916666666666667 0.134375 0.29791666666666666 0.1296875 0.29791666666666666 0.121875 0.29583333333333334 0.11875 0.2916666666666667 0.115625 0.28125 0.115625 0.27708333333333335 0.1171875 0.27291666666666664 0.1234375 0.27291666666666664 0.1296875
2 0.28958333333333336 0.1 0.28958333333333336 0.10625 0.29583333333333334 0.1109375 0.3104166666666667 0.115625 0.3229166666666667 0.115625 0.32708333333333334 0.1140625 0.32708333333333334 0.1125 0.325 0.1125 0.325 0.1015625 0.31875 0.0953125 0.3125 0.0953125 0.3125 0.096875 0.30625 0.096875 0.30625 0.0984375 0.29583333333333334 0.0984375 0.29583333333333334 0.1 0.28958333333333336 0.1
2 0.4583333333333333 0.04375 0.4625 0.0484375 0.4666666666666667 0.05 0.47708333333333336 0.05 0.47708333333333336 0.0515625 0.48125 0.0515625 0.4895833333333333 0.0484375 0.4979166666666667 0.040625 0.4979166666666667 0.025 0.48541666666666666 0.0171875 0.47708333333333336 0.0171875 0.46458333333333335 0.025 0.4583333333333333 0.0359375 0.4583333333333333 0.04375
2 0.41875 0.1203125 0.41875 0.1265625 0.42083333333333334 0.1296875 0.4270833333333333 0.1328125 0.43333333333333335 0.1328125 0.44375 0.128125 0.45625 0.1171875 0.45625 0.1125 0.45416666666666666 0.109375 0.44583333333333336 0.1046875 0.42916666666666664 0.10625 0.42083333333333334 0.1125 0.42083333333333334 0.1203125 0.41875 0.1203125
2 0.5770833333333333 0.1015625 0.5875 0.1015625 0.5916666666666667 0.0953125 0.5916666666666667 0.090625 0.5854166666666667 0.0875 0.58125 0.0875 0.5770833333333333 0.090625 0.5770833333333333 0.1015625
2 0.64375 0.18125 0.6458333333333334 0.184375 0.6541666666666667 0.190625 0.65625 0.190625 0.65625 0.203125 0.6604166666666667 0.2046875 0.6625 0.1890625 0.6666666666666666 0.184375 0.6666666666666666 0.171875 0.6625 0.165625 0.6583333333333333 0.1625 0.6520833333333333 0.1625 0.6458333333333334 0.1671875 0.64375 0.1703125 0.64375 0.18125
2 0.7229166666666667 0.315625 0.7229166666666667 0.31875 0.725 0.31875 0.725 0.328125 0.7291666666666666 0.3328125 0.7333333333333333 0.3328125 0.7375 0.3296875 0.7416666666666667 0.3171875 0.7416666666666667 0.309375 0.74375 0.309375 0.74375 0.290625 0.7395833333333334 0.284375 0.7333333333333333 0.284375 0.73125 0.2859375 0.7270833333333333 0.2953125 0.7270833333333333 0.3015625 0.725 0.3015625 0.725 0.315625 0.7229166666666667 0.315625
2 0.7291666666666666 0.3953125 0.7291666666666666 0.4125 0.73125 0.415625 0.7354166666666667 0.4171875 0.7375 0.4171875 0.7375 0.415625 0.7458333333333333 0.415625 0.7541666666666667 0.403125 0.7541666666666667 0.3984375 0.75625 0.3984375 0.75625 0.3921875 0.7583333333333333 0.3921875 0.7583333333333333 0.3890625 0.75625 0.3890625 0.75625 0.38125 0.75 0.3765625 0.74375 0.3765625 0.73125 0.390625 0.73125 0.3953125 0.7291666666666666 0.3953125
2 0.68125 0.5265625 0.70625 0.5046875 0.70625 0.4765625 0.69375 0.4765625 0.6791666666666667 0.503125 0.68125 0.5265625
2 0.4375 0.5265625 0.45208333333333334 0.5375 0.4666666666666667 0.5375 0.4666666666666667 0.5359375 0.47291666666666665 0.5359375 0.4791666666666667 0.53125 0.47708333333333336 0.5265625 0.4666666666666667 0.5203125 0.45416666666666666 0.515625 0.44375 0.515625 0.44375 0.5140625 0.4375 0.5140625 0.43333333333333335 0.515625 0.4375 0.5265625
2 0.4479166666666667 0.4984375 0.45208333333333334 0.503125 0.4583333333333333 0.503125 0.4625 0.496875 0.4625 0.484375 0.4583333333333333 0.4796875 0.45416666666666666 0.4796875 0.4479166666666667 0.4890625 0.4479166666666667 0.4984375
2 0.5395833333333333 0.14375 0.5458333333333333 0.1484375 0.5583333333333333 0.1484375 0.5625 0.146875 0.5666666666666667 0.1421875 0.5666666666666667 0.1375 0.5583333333333333 0.1328125 0.5541666666666667 0.1328125 0.5541666666666667 0.134375 0.5479166666666667 0.134375 0.54375 0.1359375 0.5395833333333333 0.1390625 0.5395833333333333 0.14375
2 0.55 0.0734375 0.55625 0.0796875 0.5604166666666667 0.0796875 0.5708333333333333 0.0734375 0.5729166666666666 0.0703125 0.5729166666666666 0.065625 0.5645833333333333 0.05625 0.5604166666666667 0.05625 0.5520833333333334 0.0640625 0.55 0.0671875 0.55 0.0734375