2 0.36875 0.684375 0.36875 0.6890625 0.3729166666666667 0.6890625 0.37916666666666665 0.68125 0.37916666666666665 0.6765625 0.38125 0.6765625 0.3875 0.61875 0.38958333333333334 0.61875 0.38958333333333334 0.609375 0.39166666666666666 0.609375 0.39166666666666666 0.590625 0.38958333333333334 0.590625 0.3875 0.5796875 0.37916666666666665 0.5796875 0.375 0.5859375 0.3729166666666667 0.6265625 0.37083333333333335 0.6265625 0.37083333333333335 0.634375 0.36875 0.634375 0.36666666666666664 0.684375 0.36875 0.684375
2 0.4625 0.5296875 0.46875 0.5375 0.48333333333333334 0.540625 0.48541666666666666 0.5421875 0.49375 0.5421875 0.49375 0.54375 0.4979166666666667 0.54375 0.5020833333333333 0.540625 0.5020833333333333 0.5296875 0.5 0.5265625 0.49375 0.5265625 0.4895833333333333 0.5296875 0.475 0.5171875 0.46875 0.5171875 0.4666666666666667 0.51875 0.4625 0.5234375 0.4625 0.5296875
2 0.59375 0.4203125 0.59375 0.440625 0.5958333333333333 0.4421875 0.6 0.4421875 0.61875 0.4359375 0.625 0.4296875 0.625 0.4234375 0.6229166666666667 0.421875 0.60625 0.41875 0.6020833333333333 0.415625 0.5958333333333333 0.415625 0.5958333333333333 0.4203125 0.59375 0.4203125
2 0.5395833333333333 0.509375 0.5458333333333333 0.509375 0.5520833333333334 0.5046875 0.5520833333333334 0.5 0.5541666666666667 0.5 0.5583333333333333 0.4875 0.5583333333333333 0.4765625 0.55625 0.475 0.5479166666666667 0.475 0.5416666666666666 0.4796875 0.5416666666666666 0.4859375 0.5395833333333333 0.4859375 0.5375 0.5078125 0.5395833333333333 0.509375
2 0.42083333333333334 0.5328125 0.42291666666666666 0.5328125 0.42291666666666666 0.5375 0.425 0.540625 0.43125 0.54375 0.4354166666666667 0.54375 0.44166666666666665 0.5375 0.44166666666666665 0.5296875 0.4395833333333333 0.5296875 0.4395833333333333 0.5234375 0.4354166666666667 0.5140625 0.43125 0.5125 0.4270833333333333 0.5125 0.425 0.5140625 0.42083333333333334 0.5203125 0.42083333333333334 0.5328125
2 0.45416666666666666 0.575 0.45 0.5859375 0.45 0.590625 0.45208333333333334 0.59375 0.45625 0.59375 0.4625 0.590625 0.46458333333333335 0.5875 0.46458333333333335 0.5828125 0.4666666666666667 0.5828125 0.4666666666666667 0.575 0.46875 0.575 0.46875 0.571875 0.46458333333333335 0.5671875 0.4583333333333333 0.565625 0.45625 0.56875 0.45625 0.575 0.45416666666666666 0.575
2 0.40208333333333335 0.5984375 0.4083333333333333 0.6046875 0.4166666666666667 0.6046875 0.42083333333333334 0.6015625 0.42083333333333334 0.59375 0.41875 0.59375 0.41875 0.5875 0.41458333333333336 0.5828125 0.41041666666666665 0.5828125 0.4041666666666667 0.5859375 0.40208333333333335 0.5890625 0.40208333333333335 0.5984375
2 0.46458333333333335 0.5046875 0.46458333333333335 0.5078125 0.46875 0.5109375 0.4708333333333333 0.5109375 0.475 0.5078125 0.475 0.5015625 0.47291666666666665 0.5 0.4666666666666667 0.5 0.4666666666666667 0.5046875 0.46458333333333335 0.5046875
2 0.8416666666666667 0.6828125 0.8520833333333333 0.6828125 0.8520833333333333 0.68125 0.8583333333333333 0.68125 0.8625 0.6796875 0.8666666666666667 0.6765625 0.8666666666666667 0.671875 0.8583333333333333 0.671875 0.8583333333333333 0.6734375 0.8479166666666667 0.6734375 0.8416666666666667 0.6765625 0.8395833333333333 0.6796875 0.8416666666666667 0.6828125
2 0.75 0.7015625 0.7520833333333333 0.703125 0.7625 0.703125 0.7708333333333334 0.696875 0.7770833333333333 0.6859375 0.7770833333333333 0.6796875 0.775 0.6796875 0.775 0.675 0.7729166666666667 0.6734375 0.7666666666666667 0.675 0.7583333333333333 0.68125 0.75 0.6921875 0.75 0.7015625
2 0.8416666666666667 0.665625 0.8645833333333334 0.665625 0.8666666666666667 0.6640625 0.8666666666666667 0.646875 0.8645833333333334 0.6453125 0.8583333333333333 0.646875 0.8479166666666667 0.653125 0.84375 0.6578125 0.8416666666666667 0.6609375 0.8416666666666667 0.665625