2 0.5282819710144927 0.8081989512635379 0.5657526207729469 0.7609785306859206 0.5710000531400966 0.737842797833935 0.5429375531400966 0.7352741714801444 0.5058271280193236 0.7676121696750903 0.48953541062801936 0.787095725631769 0.5007628333333333 0.8073891173285198 0.5282819710144927 0.8081989512635379
2 0.4453582753623188 0.7724870180505415 0.43377063285024153 0.7670760505415162 0.40607138164251205 0.773707427797834 0.39285668599033813 0.7871025144404332 0.4020907777777778 0.7929195306859206 0.43612721014492756 0.790752427797834 0.4453582753623188 0.7724870180505415
2 0.42380095652173916 0.6706117509025271 0.48824435748792266 0.5983599476534297 0.48607091787439616 0.5913247851985559 0.4636221280193237 0.5989028555956679 0.38343036956521737 0.6923970054151625 0.398095036231884 0.6917195036101083 0.42380095652173916 0.6706117509025271
2 0.5112516449275363 0.7129527996389892 0.5528860338164251 0.6631614891696751 0.5572268599033817 0.6290669620938628 0.5463626859903382 0.6179735740072203 0.5226470652173913 0.629475274368231 0.5003814154589372 0.6536945577617329 0.49187987681159423 0.7144423989169675 0.5112516449275363 0.7129527996389892
2 0.776626229468599 0.4004038032490975 0.7730028188405798 0.38065105776173286 0.7579749033816424 0.37212855776173287 0.7474739806763285 0.3702351714801444 0.7304557632850242 0.37131872202166066 0.7299124033816425 0.36955993140794224 0.7087304468599034 0.3732143700361011 0.709093695652174 0.3824143736462094 0.7288287125603865 0.3901247761732852 0.710546693236715 0.41921438267148015 0.7009523792270531 0.4282797906137184 0.7013156280193237 0.4374797924187726 0.698962077294686 0.43788584115523466 0.7011355169082125 0.44492100541516244 0.7105497198067632 0.4432968086642599 0.7378857222222223 0.4274654296028881 0.7500136980676329 0.410552761732852 0.7594279009661835 0.4089285667870036 0.7635916425120772 0.406357678700361 0.7630482826086957 0.4045988880866426 0.776626229468599 0.4004038032490975
2 0.6091729782608696 0.5163629729241878 0.621120842995169 0.5068915162454873 0.6374125603864734 0.4874079602888086 0.6399462222222222 0.47956070036101084 0.6377727826086956 0.4725255379061372 0.6283585772946859 0.47414973285198553 0.5977654444444445 0.5035107942238267 0.5863579106280193 0.49065861371841163 0.5769437077294686 0.4922828086642599 0.5244451449275362 0.5309807310469313 0.5148508309178744 0.5400461371841155 0.5164809106280193 0.5453225108303249 0.5199211835748792 0.5484340433212996 0.5293353864734299 0.5468098465703971 0.5287920265700483 0.5450510559566787 0.5488872632850241 0.537879036101083 0.5590249371980677 0.5305724187725631 0.5735064661835749 0.513253702166065 0.5874476594202899 0.5182586209386282 0.6091729782608696 0.5163629729241878
2 0.48769494202898556 0.5484363050541516 0.4871515821256039 0.5466775144404332 0.5012728864734299 0.5442412220216607 0.5054366280193237 0.5416703339350181 0.5193747946859903 0.5225928267148015 0.5195549057971014 0.5151516137184116 0.5143044444444445 0.5142049205776174 0.4889587439613527 0.5204302490974729 0.48063126086956526 0.5255720252707581 0.4674165652173913 0.5389671119133574 0.46795992512077295 0.5407259025270758 0.4538386183574879 0.5431621967509025 0.44967487681159424 0.5457330848375451 0.45021823671497585 0.5474918754512635 0.4319331908212561 0.5524990559566787 0.4236057077294686 0.5576408339350181 0.4181751352657005 0.5641353519855595 0.421978654589372 0.5764468862815885 0.4313928574879227 0.57482269133574 0.44153053381642515 0.5675160758122744 0.4409871739130435 0.565757285198556 0.47701390579710146 0.5539841317689531 0.4764705458937198 0.5522253411552347 0.4835312004830918 0.5510071931407943 0.48769494202898556 0.5484363050541516
2 0.6757867898550725 0.4270639061371841 0.6752434299516907 0.4253051155234657 0.6823040821256038 0.4240869693140794 0.6864678236714976 0.42151608122743683 0.685924463768116 0.4197572906137184 0.6976922173913044 0.4177270451263538 0.6971488574879227 0.4159682545126354 0.7042095120772947 0.4147501083032491 0.7060197028985506 0.4125852689530686 0.7049329806763286 0.4090676877256318 0.6991391594202898 0.40636220397111916 0.6850178550724638 0.4087984963898917 0.6625690652173912 0.41637656678700363 0.6263622222222223 0.43559093140794225 0.619121458937198 0.44425029061371846 0.6196648188405797 0.4460090812274368 0.6225617294685991 0.44736182310469313 0.6366830338164251 0.44492553068592056 0.6408467753623188 0.4423546407942238 0.6403034154589372 0.4405958501805054 0.6567782729468599 0.43775350902527077 0.6562349130434784 0.43599471841155235 0.665649115942029 0.43437052346570393 0.6757867898550725 0.4270639061371841
2 0.4618119371980677 0.6010676949458484 0.43827945652173916 0.629210608303249 0.44262633574879223 0.6432809350180505 0.4473334371980676 0.6424688375451263 0.4533073695652174 0.6377331083032491 0.48770099758454105 0.5966011570397112 0.48607091787439616 0.5913247851985559 0.47611335265700483 0.5911901895306859 0.4677858695652174 0.5963319675090253 0.4618119371980677 0.6010676949458484
2 0.75421377294686 0.6969709855595667 0.7353853671497584 0.7002193772563177 0.7247043309178745 0.7057672021660649 0.7252476908212561 0.7075259927797835 0.718187038647343 0.7087441389891697 0.7140232971014492 0.7113150270758123 0.7167400966183575 0.7201089819494585 0.7196370096618359 0.7214617238267148 0.747879618357488 0.7165891371841155 0.7473362584541063 0.7148303465703971 0.7567504637681159 0.7132061516245487 0.7609142053140097 0.7106352635379062 0.7621810362318842 0.706711631768953 0.7600075942028985 0.6996764693140795 0.75421377294686 0.6969709855595667
2 0.7306661521739131 0.6047017707581227 0.719985118357488 0.6102495956678701 0.7116576352657005 0.6153913718411552 0.7080372536231885 0.6197210523465704 0.7091239734299516 0.6232386335740072 0.712020884057971 0.6245913754512635 0.726142190821256 0.622155083032491 0.7266855507246377 0.6239138736462093 0.7384533043478261 0.6218836281588448 0.7545649106280193 0.609841285198556 0.751848111111111 0.6010473303249096 0.7371834468599033 0.6017248321299639 0.7377268067632851 0.6034836245487365 0.7306661521739131 0.6047017707581227
2 0.6848680217391305 0.6570639693140794 0.6864981014492754 0.6623403411552347 0.6980857463768115 0.66775130866426 0.7033362077294686 0.6686980018050541 0.7169141521739131 0.664502916967509 0.7246982753623188 0.6576023501805055 0.7236115555555555 0.6540847689530686 0.7183610942028986 0.6531380758122745 0.7089468913043478 0.6547622707581228 0.7084035314009662 0.6530034801444043 0.6848680217391305 0.6570639693140794
2 0.5823833647342995 0.5580355685920577 0.5840134444444445 0.563311940433213 0.5934276473429951 0.5616877454873646 0.6006684106280193 0.5530283880866426 0.6070025652173913 0.5334102364620938 0.605915845410628 0.5298926552346571 0.6012087439613526 0.5307047527075812 0.5903475990338164 0.5436937888086643 0.5823833647342995 0.5580355685920577
2 0.6068285096618358 0.5890162996389892 0.6064682898550725 0.6038987238267148 0.6093652004830918 0.605251465703971 0.6211329541062802 0.6032212202166065 0.6223997850241546 0.5992975902527077 0.620226345410628 0.5922624277978339 0.6225798961352658 0.5918563790613719 0.6214931763285024 0.588338797833935 0.6151559927536232 0.5838745234657039 0.6068285096618358 0.5890162996389892
2 0.9397447101449276 0.36670401263537905 0.9373911594202899 0.3671100631768953 0.9352177198067633 0.3600748989169675 0.932320806763285 0.3587221570397112 0.9299672560386473 0.3591282057761733 0.930510615942029 0.3608869963898917 0.9163893115942029 0.36332329061371843 0.9127689299516909 0.3676529693140794 0.9113219879227054 0.37901781046931404 0.9145821497584541 0.3895705559566787 0.9169357004830918 0.3891645072202166 0.9185657801932366 0.3944408790613719 0.9254463212560387 0.4006639440433213 0.9325069734299517 0.399445797833935 0.9319636135265701 0.3976870072202166 0.9413778188405797 0.39606281227436824 0.9497053019323671 0.39092103429602887 0.9569460652173913 0.3822616768953068 0.9495221618357488 0.374279821299639 0.9397447101449276 0.36670401263537905
2 0.7184988164251207 0.3085429007220217 0.7096279734299517 0.31192588628158846 0.7128881328502416 0.3224786299638989 0.7105345821256038 0.32288467870036097 0.7154248212560387 0.3387137960288809 0.7264691062801932 0.34236597292418774 0.7422204903381643 0.3452060523465704 0.7469275917874396 0.3443939548736462 0.7436674323671497 0.3338412093862816 0.7402271618357488 0.33072967689530686 0.737873611111111 0.33113572563176896 0.7335267294685991 0.31706540072202166 0.7266461884057971 0.3108423357400722 0.7184988164251207 0.3085429007220217
2 0.30303125120772945 0.5765905324909747 0.3006777004830918 0.5769965812274369 0.2990476207729469 0.5717202093862817 0.29669407004830917 0.5721262581227436 0.29289055072463765 0.5598147238267148 0.2881834492753623 0.560626821299639 0.2845630676328503 0.5649565 0.28329623671497584 0.5688801299638989 0.2849263164251208 0.5741565036101083 0.28257276570048306 0.5745625523465704 0.2847462053140097 0.5815977148014441 0.282392654589372 0.5820037635379062 0.2845660942028985 0.5890389259927797 0.28691964492753624 0.5886328772563177 0.29017980676328503 0.5991856209386281 0.2925333574879227 0.598779572202166 0.29416343719806765 0.6040559458483754 0.2976037077294686 0.6071674783393503 0.29995725845410626 0.606761429602888 0.3021306980676329 0.6137965920577617 0.30502760869565215 0.615149333935018 0.3097347101449275 0.6143372364620938 0.3138984541062802 0.6117663483754513 0.31226837198067636 0.6064899747292419 0.314621922705314 0.6060839259927797 0.307014884057971 0.581460855595668 0.30466133333333334 0.5818669061371841 0.30303125120772945 0.5765905324909747
2 0.24143328985507248 0.2407938357400722 0.23093236714975843 0.23890044945848377 0.21916461352657005 0.24093069494584837 0.2186212536231884 0.23917190433212998 0.21156059903381644 0.24039005054151624 0.2157273695652174 0.26190158844765343 0.22731501449275363 0.26731255595667874 0.23256547584541062 0.2682592490974729 0.23962612801932368 0.2670411010830325 0.2401694879227053 0.2687998916967509 0.24487658937198067 0.26798779422382674 0.2508505217391304 0.26325206678700364 0.24759036231884057 0.2526993231046932 0.2517541038647343 0.25012843501805054 0.25012402415458934 0.24485206137184115 0.24143328985507248 0.2407938357400722