2 0.8958333333333334 0.8234375 0.94375 0.953125 0.95 0.959375 0.9708333333333333 0.953125 0.99375 0.959375 0.9979166666666667 0.9546875 0.9979166666666667 0.9 0.9791666666666666 0.81875 0.9291666666666667 0.7765625 0.9 0.7703125 0.88125 0.784375 0.8833333333333333 0.8140625 0.8958333333333334 0.8234375
2 0.9145833333333333 0.75625 0.9395833333333333 0.759375 0.9625 0.7515625 0.9625 0.74375 0.9333333333333333 0.7234375 0.8916666666666667 0.728125 0.8875 0.7453125 0.9145833333333333 0.75625
2 0.8854166666666666 0.784375 0.9041666666666667 0.7625 0.8979166666666667 0.746875 0.8541666666666666 0.7359375 0.8375 0.7421875 0.8416666666666667 0.7640625 0.8854166666666666 0.784375
2 0.75625 0.675 0.78125 0.6890625 0.7833333333333333 0.7015625 0.85 0.7390625 0.89375 0.7390625 0.8958333333333334 0.7296875 0.9208333333333333 0.709375 0.91875 0.6984375 0.7708333333333334 0.665625 0.75625 0.665625 0.75625 0.675
2 0.6583333333333333 0.6734375 0.7166666666666667 0.6734375 0.7104166666666667 0.6578125 0.6979166666666666 0.653125 0.6645833333333333 0.653125 0.6520833333333333 0.6609375 0.65 0.6703125 0.6583333333333333 0.6734375
2 0.7020833333333333 0.9375 0.7166666666666667 0.9171875 0.7145833333333333 0.8515625 0.7 0.81875 0.6916666666666667 0.809375 0.6833333333333333 0.8125 0.6833333333333333 0.915625 0.7020833333333333 0.9375
2 0.7708333333333334 0.9984375 0.7895833333333333 0.9984375 0.79375 0.946875 0.7708333333333334 0.896875 0.7604166666666666 0.9765625 0.7708333333333334 0.9984375
2 0.6458333333333334 0.871875 0.6583333333333333 0.834375 0.6791666666666667 0.8078125 0.6479166666666667 0.79375 0.63125 0.8046875 0.6270833333333333 0.840625 0.6458333333333334 0.871875
2 0.7833333333333333 0.65 0.8395833333333333 0.65 0.8729166666666667 0.640625 0.93195625 0.6089562500000001 0.91461875 0.5970390625 0.8666666666666667 0.6078125 0.8291666666666667 0.625 0.7541666666666667 0.6296875 0.75625 0.640625 0.7833333333333333 0.65
2 0.61875 0.621875 0.6479166666666667 0.603125 0.6625 0.56875 0.7166666666666667 0.5125 0.7166666666666667 0.4890625 0.70625 0.490625 0.6833333333333333 0.528125 0.6125 0.5921875 0.6104166666666667 0.6203125 0.61875 0.621875
2 0.6791666666666667 0.628125 0.6916666666666667 0.6265625 0.7104166666666667 0.609375 0.7145833333333333 0.58125 0.69375 0.578125 0.6666666666666666 0.5984375 0.6666666666666666 0.6203125 0.6791666666666667 0.628125
2 0.7958333333333333 0.265625 0.8166666666666667 0.215625 0.8020833333333334 0.2140625 0.7895833333333333 0.2203125 0.7854166666666667 0.25625 0.7958333333333333 0.265625
2 0.6104166666666667 0.359375 0.6541666666666667 0.3234375 0.6964395833333333 0.3022875 0.6870479166666666 0.2887453125 0.6892145833333333 0.270328125 0.69375 0.26875 0.6770833333333334 0.246875 0.6354166666666666 0.2625 0.625 0.271875 0.625 0.2828125 0.5875 0.3140625 0.5791666666666667 0.353125 0.5833333333333334 0.4078125 0.6104166666666667 0.359375
2 0.9395833333333333 0.590625 0.9875 0.5875 0.9791666666666666 0.565625 0.93125 0.5734375 0.9291666666666667 0.5828125 0.9395833333333333 0.590625
2 0.55625 0.578125 0.5645833333333333 0.578125 0.5791666666666667 0.54375 0.5729166666666666 0.5015625 0.5583333333333333 0.5171875 0.5520833333333334 0.5671875 0.55625 0.578125
2 0.48125 0.6859375 0.4895833333333333 0.690625 0.5104166666666666 0.6765625 0.5104166666666666 0.6046875 0.49583333333333335 0.571875 0.4708333333333333 0.5625 0.44583333333333336 0.6125 0.48125 0.6859375
2 0.41041666666666665 0.3979171875 0.39166666666666666 0.4171875 0.36875 0.4140625 0.37083333333333335 0.4484375 0.4166666666666667 0.53125 0.48333333333333334 0.559375 0.48541666666666666 0.5375 0.5145833333333333 0.5234375 0.50625 0.4140625 0.4791666666666667 0.4046875 0.46458333333333335 0.415625 0.44166666666666665 0.4 0.425 0.35 0.42083333333333334 0.3453125 0.4125 0.3484375 0.40625 0.365625 0.41041666666666665 0.3979171875
2 0.3 0.4734375 0.37083333333333335 0.5078125 0.4041666666666667 0.515625 0.3729166666666667 0.4921875 0.29791666666666666 0.4609375 0.29791666666666666 0.4484375 0.30833333333333335 0.4390625 0.28541666666666665 0.4375 0.26666666666666666 0.446875 0.26458333333333334 0.46875 0.3 0.4734375
2 0.30416666666666664 0.39375 0.3416666666666667 0.415625 0.3541666666666667 0.4078125 0.34791666666666665 0.3859375 0.33125 0.375 0.2875 0.38125 0.2875 0.39375 0.30416666666666664 0.39375
2 0.45416666666666666 0.3953125 0.4666666666666667 0.396875 0.46458333333333335 0.3421875 0.44583333333333336 0.3171875 0.42916666666666664 0.321875 0.4354166666666667 0.3765625 0.45416666666666666 0.3953125
2 0.08333333333333333 0.6234375 0.11041666666666666 0.59375 0.11041666666666666 0.5671875 0.1 0.5671875 0.08541666666666667 0.578125 0.08333333333333333 0.59375 0.052083333333333336 0.628125 0.04791666666666667 0.646875 0.08333333333333333 0.6234375
2 0.05 0.6109375 0.05416666666666667 0.5921875 0.004166666666666667 0.5484375 0 0.575 0.05 0.6109375
2 0.1 0.68125 0.10416666666666667 0.634375 0.08541666666666667 0.6578125 0.08333333333333333 0.68125 0.1 0.68125
2 0.03958333333333333 0.3484375 0.03958333333333333 0.3671875 0.07708333333333334 0.3734375 0.0875 0.38125 0.10833333333333334 0.375 0.10833333333333334 0.3328125 0.08333333333333333 0.3125 0.025 0.321875 0.022916666666666665 0.3375 0.03958333333333333 0.3484375
2 0.06875 0.2796875 0.10208333333333333 0.2828125 0.1125 0.271875 0.1125 0.2609375 0.10208333333333333 0.2546875 0.058333333333333334 0.259375 0.05416666666666667 0.2671875 0.06875 0.2796875
2 0.4041666666666667 0.25 0.4166666666666667 0.25 0.43333333333333335 0.240625 0.4479166666666667 0.2 0.41458333333333336 0.16875 0.38958333333333334 0.1703125 0.38958333333333334 0.215625 0.4041666666666667 0.25