2 0.6794395202702703 0.8368969510135135 0.696136231981982 0.8561598108108108 0.7115267702702703 0.8618392702702703 0.7238334639639639 0.8470994290540541 0.7020107927927928 0.7075380692567567 0.6680279977477477 0.6774467229729729 0.6584324031531532 0.6533884560810811 0.638307786036036 0.6509059341216217 0.6414011959459459 0.7034642516891891 0.6312257950450451 0.7199793716216216 0.6804908198198198 0.7895760675675676 0.6794395202702703 0.8368969510135135
2 0.7353678108108108 0.8847659577702702 0.7572268896396396 0.8856251469594594 0.7512949459459459 0.8414127956081081 0.7418267882882883 0.8478066722972972 0.7350888558558559 0.8796804712837838 0.7353678108108108 0.8847659577702702
2 0.583639695945946 0.7231834831081081 0.6144207725225225 0.734542402027027 0.6182022972972974 0.7127014425675676 0.6025664481981983 0.6782567162162163 0.5675227882882883 0.6633472364864865 0.583639695945946 0.7231834831081081
2 0.5716483693693694 0.6043066402027026 0.5672679121621621 0.6024429543918919 0.5560220855855856 0.6020009273648649 0.5561399594594595 0.600314054054054 0.5538907927927929 0.6002256486486486 0.5515237522522523 0.6018241165540541 0.5505807635135136 0.6153191114864864 0.552829927927928 0.6154075168918919 0.5523584346846847 0.6221550135135135 0.5546075990990992 0.622243418918919 0.5542539774774775 0.6273040405405406 0.5582808130630631 0.634228347972973 0.566805981981982 0.6413294662162162 0.5711864391891892 0.6431931520270271 0.5795937319819819 0.6519811435810812 0.584092063063063 0.652157954391892 0.5864591036036035 0.6505594864864864 0.5877557139639639 0.6320038699324325 0.5855065495495495 0.6319154645270271 0.5858601711711712 0.6268548412162163 0.5799377905405406 0.6147815067567567 0.5716483693693694 0.6043066402027026
2 0.6178104211711711 0.5892060033783784 0.6128405945945946 0.5957766908783784 0.6123690990990991 0.6025241875 0.6146182635135136 0.6026125929054054 0.6113177995495495 0.6498450709459459 0.6133312162162162 0.6533072246621622 0.6175937995495496 0.6568577837837838 0.6220921306306306 0.6570345945945946 0.6245770450450451 0.6537492500000001 0.6251664144144145 0.6453148800675675 0.6274155788288288 0.645403285472973 0.629773054054054 0.6116658006756757 0.6320222207207207 0.611754206081081 0.6330830855855856 0.5965723378378378 0.6268070833333333 0.589559625 0.6178104211711711 0.5892060033783784
2 0.5585866148648649 0.4684726486486486 0.5518391193693694 0.46820743243243246 0.5469871666666667 0.47309124493243243 0.5462799234234234 0.4832124898648649 0.5500710135135135 0.49351054560810814 0.558143813063063 0.5716371925675676 0.5658438626126127 0.590546429054054 0.5746047792792793 0.5942737989864865 0.5862042274774775 0.5896552027027027 0.5870293445945945 0.5778470844594594 0.6020566959459459 0.556448152027027 0.6066729031531531 0.5549380878378378 0.6071443963963964 0.5481905912162163 0.5834644391891891 0.5320362635135135 0.5730341644144143 0.4876471030405406 0.564980490990991 0.47379848817567566 0.5585866148648649 0.4684726486486486
2 0.5162347815315316 0.5581493716216216 0.5200258716216216 0.5684474273648649 0.5222750360360361 0.5685358327702703 0.5219214144144144 0.5735964543918919 0.5302108355855856 0.5840713226351351 0.5344734189189189 0.5876218800675677 0.53897175 0.5877986908783784 0.5460728671171171 0.583003285472973 0.5557767725225224 0.5732356604729729 0.5575448806306306 0.5479325472972972 0.5532822950450451 0.5443819881756756 0.5150464797297297 0.542879097972973 0.5143392387387388 0.5530003429054053 0.5165884031531531 0.5530887483108108 0.5162347815315316 0.5581493716216216
2 0.46150930855855854 0.4375928277027027 0.46091993918918917 0.4460271976351351 0.47157639864864864 0.4549035962837838 0.47098703153153154 0.46333796621621626 0.4798753828828829 0.49751747804054053 0.5023766036036036 0.5305405472972973 0.5090062274774775 0.5324926368243244 0.5139760518018018 0.5259219510135136 0.5156262860360361 0.5023057111486486 0.5133771193693694 0.5022173057432432 0.5138486148648649 0.49546980912162164 0.5038993986486486 0.47647216554054056 0.501650231981982 0.4763837618243243 0.5002261846846847 0.4644872364864865 0.4860143828828829 0.44193903378378374 0.46150930855855854 0.4375928277027027
2 0.22304036936936936 0.23538777027027027 0.2245822927927928 0.24559742060810813 0.2522890878378378 0.26867605405405404 0.2601070112612613 0.2858984172297297 0.2772752207207207 0.2984137804054054 0.27787415315315317 0.3221184239864865 0.28213673648648646 0.3256689831081081 0.3360084009009009 0.3616166013513514 0.3910942905405405 0.42714904560810807 0.3772101891891892 0.38522566722972973 0.37779955855855857 0.37679129560810815 0.3674967207207207 0.3628542753378378 0.31894850225225224 0.3152753496621622 0.3069858693693694 0.2928155523648649 0.27560586036036033 0.2577519881756757 0.2541750675675676 0.24168606756756755 0.22304036936936936 0.23538777027027027
2 0.4184024144144144 0.3766957179054054 0.41212641216216217 0.36968300506756757 0.40762808108108106 0.3695061942567568 0.40633146846846846 0.3880618108108108 0.4409131981981982 0.4418578023648648 0.44517578153153153 0.44540836148648655 0.4497919864864865 0.44389829729729735 0.45085284909909906 0.42871642905405405 0.4486036846846847 0.42862802364864866 0.4489573063063063 0.42356740202702703 0.44066788513513516 0.413092535472973 0.4297756779279279 0.40758988513513517 0.423499677927928 0.4005771722972973 0.4174594234234234 0.3901907111486486 0.4184024144144144 0.3766957179054054
2 0.2107241148648649 0.2179885945945946 0.21178497747747746 0.20280672804054053 0.2097715608108108 0.19934457432432434 0.194852518018018 0.18691761655405406 0.19035418693693693 0.18674080574324323 0.18929332207207206 0.2019226739864865 0.19343803153153155 0.20716010810810812 0.2062257837837838 0.217811785472973 0.2107241148648649 0.2179885945945946
2 0.06013832657657658 0.1782395489864865 0.04818525675675676 0.1879187668918919 0.05008080180180181 0.1930677956081081 0.07008754504504505 0.19723719087837838 0.10465970945945946 0.21889416722972976 0.1625486463963964 0.22962707770270271 0.20245382207207208 0.2717917601351351 0.23513044144144143 0.28829970777027025 0.23026892567567567 0.26104450337837837 0.1290373445945946 0.1927882331081081 0.10866741666666667 0.16154044425675676 0.025129815315315315 0.1305512060810811 0.023845644144144144 0.14892879222972974 0.054333822072072074 0.16447933952702704 0.06013832657657658 0.1782395489864865
2 0.6099351126126127 0.37914954729729733 0.612184277027027 0.3792379527027027 0.6151406869369369 0.36920511317567567 0.6173898513513514 0.36929351858108106 0.616673045045045 0.3472757483108108 0.6099255472972973 0.3470105320945946 0.5978546036036037 0.358376625 0.5867362139639639 0.3883867398648649 0.5844870472972973 0.38829833445945944 0.5764429391891892 0.4065887347972973 0.5741937747747747 0.40650032939189185 0.5701765022522522 0.43171503716216214 0.5798899707207207 0.45408642905405405 0.5840346801801801 0.4593238631756757 0.5885330112612612 0.45950067229729735 0.5947994504504505 0.43437436993243245 0.5976379842342343 0.42602840540540543 0.5998871486486487 0.4261168108108108 0.6047295382882882 0.3890939831081081 0.6069787049549549 0.3891823885135135 0.6073323243243244 0.3841217652027027 0.609581490990991 0.3842101706081081 0.6099351126126127 0.37914954729729733