2 0.45502158101851853 0.565385935763889 0.4762593171296296 0.5518459583333333 0.4755406643518519 0.5307321319444445 0.45096982407407404 0.5246358819444444 0.40745353472222223 0.5323212309027778 0.3747915300925926 0.5569292378472223 0.3771209837962963 0.569446984375 0.4092130046296297 0.5728296649305555 0.45502158101851853 0.565385935763889
2 0.820337875 0.4496131163194444 0.7827319675925927 0.4631809704861111 0.8066956550925926 0.48499177951388883 0.8414021226851852 0.4868968645833333 0.8626398587962962 0.4733568854166667 0.8472010023148149 0.4559509861111111 0.820337875 0.4496131163194444
2 0.7165406319444444 0.44217864930555556 0.6992059814814815 0.44736417013888885 0.714644837962963 0.46477006944444443 0.7768587523148148 0.4695745920138889 0.7751364513888889 0.44134228645833334 0.7243468055555555 0.425469734375 0.7165406319444444 0.44217864930555556
2 0.9186212314814816 0.4739981180555556 0.8842369236111111 0.47037381944444445 0.8679430879629629 0.4949539496527778 0.8738534699074074 0.5008364565972223 0.9131445115740741 0.5032247795138889 0.9288311967592593 0.4943592065972222 0.9186212314814816 0.4739981180555556
2 0.7740708171296297 0.5218759149305555 0.8156541458333334 0.5245058576388888 0.847386837962963 0.5173316250000001 0.8565188194444444 0.5060219774305555 0.8060885023148148 0.5007063385416667 0.7740708171296297 0.5218759149305555
2 0.7160821481481482 0.50699771875 0.7570211574074074 0.51306609375 0.7854579166666666 0.49853175868055555 0.7549766967592592 0.4865530017361111 0.7127862152777779 0.4996376163194445 0.7160821481481482 0.50699771875
2 0.6853902708333334 0.5335665607638889 0.7121790625000001 0.5153521753472222 0.7144341805555555 0.5033176684027778 0.6819828333333333 0.4893780763888889 0.6384665439814815 0.4970634236111111 0.6283680833333334 0.51353071875 0.6434847800925927 0.5326558315972222 0.660856599537037 0.5397464375000001 0.6853902708333334 0.5335665607638889
2 0.7337761273148148 0.512369109375 0.6925521250000001 0.5202960763888889 0.6255429791666667 0.5535559114583334 0.7204560648148147 0.5460285572916667 0.7567361666666668 0.5270614357638889 0.7589912847222222 0.5150269288194445 0.7337761273148148 0.512369109375
2 0.5910843356481481 0.5253793576388889 0.580985875 0.5418466510416667 0.5571336898148148 0.5568642256944445 0.5996834999999999 0.5543365225694444 0.6405110069444445 0.5235765156250001 0.6254314768518519 0.5167275295138889 0.5910843356481481 0.5253793576388889
2 0.4635340625 0.4575864826388889 0.4884270625 0.4619635173611111 0.5594507962962963 0.45717760763888887 0.657696986111111 0.4692864826388889 0.6766796041666666 0.4677810104166667 0.6884260324074073 0.45499376736111113 0.6504236296296296 0.44572858159722223 0.42807177083333336 0.42229144618055553 0.40876699537037037 0.4255161319444445 0.42223572453703706 0.4409611944444445 0.4635340625 0.4575864826388889
2 0.6631737060185185 0.44005982118055553 0.7129597037037037 0.448813890625 0.7292907060185185 0.4365098871527778 0.6824041481481481 0.4122828784722222 0.5975895208333334 0.40334293923611114 0.6631737060185185 0.44005982118055553
2 0.5595376041666666 0.2695972604166667 0.5307043518518518 0.2612985555555556 0.5252276319444444 0.2905252170138889 0.5449289027777778 0.3101335711805555 0.573117837962963 0.3218707065972222 0.6029175717592593 0.32501176736111115 0.6015545972222222 0.3073363732638889 0.5595376041666666 0.2695972604166667
2 0.6189635810185186 0.3267031059027778 0.6068578263888889 0.32893343750000004 0.6131275347222223 0.3453728559027778 0.6363725671296296 0.34606984027777776 0.6189635810185186 0.3267031059027778
2 0.5163063078703704 0.26328726562500004 0.5356110856481482 0.2600625798611111 0.5355739166666666 0.24778645138888888 0.501796761574074 0.22844759375 0.4982530023148148 0.24735896354166664 0.5163063078703704 0.26328726562500004