2 0 0.5328869280575539 0.035971543062200954 0.6862574118705036 0.054550794258373204 0.7033280449640288 0.09459703349282296 0.7290666366906474 0.15444717464114832 0.8288848651079137 0.19079531339712918 0.9226870395683454 0.22635617942583733 0.9179730071942446 0.22455613636363636 0.9102982374100719 0.23148935645933014 0.888071631294964 0.29170416267942584 0.9093103219424461 0.37735432296650717 0.897956334532374 0.3735378636363636 0.892983332733813 0.11203682775119618 0.6497394154676259 0.4661218851674641 0.8423577320143886 0.48261388277511963 0.8401715125899281 0.48802017464114833 0.8321496151079136 0.43758252870813397 0.7931780773381295 0.4194345789473684 0.757231368705036 0.3921357488038278 0.7444134046762589 0 0.4665014010791367 0 0.5328869280575539
2 0.5401482846889952 0.7229662050359712 0.5208848636363637 0.7236935035971223 0.5377750311004784 0.8164224586330935 0.5355498373205742 0.8587224928057554 0.5253632344497607 0.8783359226618705 0.5895727559808612 0.8698241564748201 0.5722841698564594 0.8081952320143885 0.5775539043062201 0.7892335953237409 0.568551086124402 0.761206120503597 0.5401482846889952 0.7229662050359712
2 0.8464052009569378 0.806556928057554 0.8322692057416268 0.8084308291366907 0.8249223397129187 0.8185362823741007 0.826252528708134 0.8384493237410072 0.8389160263157894 0.8367706205035971 0.8432125980861245 0.8343747499999999 0.8516691842105264 0.8186432697841727 0.8491766267942583 0.8080158489208633 0.8464052009569378 0.806556928057554
2 1 0.680851059352518 0.9970698612440191 0.6824849730215827 0.9931887153110047 0.6866520809352518 0.9866727009569378 0.7003000071942446 0.980850980861244 0.7065506690647482 0.9820972607655503 0.7118643794964029 0.9848686866028709 0.7133233003597123 0.9919366842105263 0.7123863489208634 0.9923521100478468 0.7141575863309353 1 0.7131437643884891 1 0.680851059352518
2 0.9227143110047847 0.3343855773381295 0.9214680334928229 0.32907186690647483 0.9159251818181817 0.3261540269784172 0.9056703325358851 0.3238608201438849 0.8868223373205741 0.3263593543165468 0.8805851913875598 0.3308387787769784 0.8574406220095694 0.33573318525179857 0.8606274736842104 0.3389633417266187 0.879475471291866 0.33646480755395686 0.8798908971291867 0.33823604496402876 0.8909765980861244 0.34407172482014386 0.896104023923445 0.3452183273381295 0.9125960191387559 0.3430321097122302 0.9168925933014354 0.3406362392086331 0.9227143110047847 0.3343855773381295
2 0.698075019138756 0.2984172482014389 0.7074990167464116 0.2971679802158273 0.7208041602870813 0.29175160431654673 0.7227447344497608 0.2896680521582734 0.7214984545454545 0.28435433992805753 0.7112436052631579 0.28206113309352515 0.6829716124401913 0.28580893705035976 0.6833870382775119 0.2875801726618705 0.6716070406698564 0.2891417571942446 0.6535898995215311 0.29518276618705036 0.6497087511961722 0.2993498741007194 0.6505396052631578 0.3028923489208633 0.6584384545454546 0.3054978723021583 0.6725744521531101 0.30362396942446046 0.6729898779904306 0.30539520683453236 0.6777018779904306 0.3047705737410072 0.6772864497607655 0.3029993363309353 0.6984904449760765 0.3001884856115108 0.698075019138756 0.2984172482014389
2 0.5816636363636364 0.29923856115107916 0.5804173588516747 0.2939248507194244 0.5721030813397129 0.2895480899280576 0.5603230837320574 0.2911096744604316 0.5599076578947368 0.2893384370503597 0.5551956602870813 0.289963071942446 0.5556110861244019 0.291734309352518 0.5461870885167465 0.29298357553956833 0.5466025143540669 0.2947548129496403 0.5395345167464115 0.2956917643884892 0.5223482248803828 0.3052752464028777 0.5240099306220095 0.3123601942446043 0.5216539306220096 0.3126725107913669 0.5220693588516746 0.31444374820143883 0.5252562105263158 0.317673904676259 0.5303836339712918 0.3188205089928058 0.5562996291866028 0.315385023381295 0.5558842009569378 0.313613785971223 0.5629522009569378 0.3126768345323741 0.5816636363636364 0.29923856115107916
2 0.43835734688995215 0.3511091061151079 0.39594935885167465 0.356730809352518 0.36795048086124404 0.38235808992805753 0.4037058995215311 0.3794445737410072 0.4408499066985646 0.3617365287769784 0.43835734688995215 0.3511091061151079
2 0.4341570717703349 0.5817805683453237 0.43180107177033494 0.5820928866906475 0.42972394019138754 0.573236701438849 0.42016338516746415 0.5635462302158274 0.4086622559808612 0.5559393129496403 0.40117883014354067 0.5551050251798562 0.3953571124401914 0.5613556870503598 0.3966033899521531 0.5666693992805756 0.3942473923444976 0.5669817158273381 0.3971553755980861 0.5793803741007194 0.41655535406698563 0.5895928147482015 0.4338782033492823 0.5909490701438849 0.4354033492822967 0.5870942805755396 0.4341570717703349 0.5817805683453237
2 0.4830810741626794 0.5625109388489209 0.47518222248803826 0.559905415467626 0.45633422727272727 0.5624039514388489 0.44774108373205745 0.5671956924460432 0.4489873612440191 0.5725094028776978 0.45688621291866033 0.5751149262589927 0.4710222081339713 0.5732410251798561 0.48391192583732057 0.5660534136690648 0.4830810741626794 0.5625109388489209
2 0.9703747799043062 0.4029461744604316 0.9641376363636364 0.40742559892086333 0.9626124880382776 0.4112803884892086 0.9651050454545455 0.42190781115107917 0.9734193229665071 0.426284571942446 0.9804873205741627 0.42534762050359715 0.984368466507177 0.42118051258992806 0.9858936148325358 0.4173257230215828 0.9846473349282296 0.4120120107913669 0.9870033349282297 0.41169969424460434 0.9861724832535885 0.4081572212230216 0.9774427799043062 0.40200922302158276 0.9703747799043062 0.4029461744604316