2 0.8788383771551724 0.25381665967741934 0.8970901185344828 0.2641793951612903 0.9785151357758621 0.25699252096774194 0.9755674504310344 0.2254451322580645 0.9392317456896552 0.22963719032258065 0.8788383771551724 0.25381665967741934
2 0.8603458965517241 0.28712125 0.8524978922413794 0.2956161629032258 0.8441988771551724 0.2992841532258064 0.8423496293103448 0.3026146112903226 0.8469501487068966 0.30560753870967744 0.8662994504310345 0.3045949451612903 0.8664497887931034 0.3062039193548387 0.8685997112068965 0.3060914096774194 0.8684493728448276 0.304482435483871 0.8856487543103447 0.3035823516129032 0.8854984159482758 0.3019733774193548 0.8919481831896552 0.30163584516129033 0.8960976918103448 0.29980185000000004 0.9145449719827586 0.2891354112903226 0.9205437262931034 0.2839709564516129 0.9200927155172414 0.27914403387096776 0.9222426379310346 0.27903152419354843 0.9216412887931034 0.27259562580645164 0.9108916767241378 0.27315817903225803 0.9107413383620689 0.2715492048387097 0.8956918814655171 0.27233677741935486 0.8958422198275863 0.2739457516129032 0.8893924504310344 0.27428328387096773 0.8664949892241379 0.28356576935483874 0.8603458965517241 0.28712125
2 0.8091987672413793 0.29464842258064516 0.8098001163793104 0.3010843193548387 0.8056506077586207 0.30291831451612905 0.8061016206896552 0.30774523709677415 0.823301 0.30684515483870967 0.8231506637931034 0.3052361806451613 0.8317503534482759 0.3047861387096774 0.8441988771551724 0.2992841532258064 0.8706444978448276 0.2817317741935484 0.8703438232758621 0.2785138258064516 0.8380949849137932 0.2802014822580645 0.8382453232758621 0.2818104564516129 0.8317955538793104 0.2821479887096774 0.8276460474137931 0.28398198387096774 0.8277963836206897 0.2855909580645161 0.8191966939655172 0.2860409983870968 0.8150471853448276 0.2878749935483871 0.8091987672413793 0.29464842258064516
2 0.7827079461206897 0.3348389516129032 0.8097549159482758 0.3237224693548387 0.8322013642241379 0.30961306129032257 0.836200536637931 0.3061700919354839 0.8337499396551725 0.30306465322580645 0.7975019310344827 0.3081952790322581 0.7976522672413794 0.3098042532258064 0.789052577586207 0.3102542951612903 0.7620056077586207 0.3213707774193549 0.7540072672413793 0.32825671612903223 0.7543079418103448 0.33147466451612906 0.7633586422413794 0.33585154516129034 0.7827079461206897 0.3348389516129032
2 0.7199543814655173 0.3106366806451613 0.7159552112068965 0.31407965000000004 0.7142563017241379 0.3190190838709677 0.7228559913793103 0.3185690419354839 0.723006327586207 0.32017801612903224 0.7443552155172415 0.31744393709677415 0.7442048793103448 0.3158349629032258 0.7506546465517242 0.31549743225806454 0.7505043103448276 0.3138884580645161 0.7612539224137931 0.3133259064516129 0.792901411637931 0.3052023516129032 0.792751073275862 0.3035933774193548 0.7992008405172414 0.30325584677419354 0.8136489504310345 0.29603237580645164 0.8154981982758621 0.2927019177419355 0.8150471853448276 0.2878749935483871 0.812746926724138 0.2863785306451613 0.782798349137931 0.28956265161290323 0.7829486853448275 0.2911716258064516 0.7764989181034483 0.2915091564516129 0.7451521034482759 0.3028506580645161 0.7453024418103449 0.30445963387096775 0.7282533987068965 0.3069686903225806 0.7199543814655173 0.3106366806451613
2 0.736011 0.34375007903225807 0.7406115193965518 0.3467430064516129 0.7495118836206897 0.3495109129032258 0.7581115732758621 0.34906087096774197 0.7579612370689655 0.3474518967741935 0.7751606163793103 0.3465518129032258 0.7750102801724137 0.34494283870967746 0.7814600474137932 0.3446053080645161 0.7856095538793103 0.3427713129032258 0.789608724137931 0.3393283435483871 0.789157713362069 0.33450142096774194 0.7868574547413792 0.33300495645161293 0.7718079956896552 0.3337925290322581 0.7650575538793103 0.3309121129032258 0.7500080969827586 0.33169968548387097 0.7501584331896551 0.33330865967741935 0.7437086659482759 0.33364619032258064 0.7355599870689654 0.33892315483870966 0.736011 0.34375007903225807
2 0.6613650603448276 0.35412384032258065 0.6616657349137931 0.3573417887096774 0.6745652693965517 0.35666672741935485 0.6957638211206896 0.3523236741935484 0.6956134827586207 0.3507147 0.7020632499999999 0.3503771677419355 0.7168120344827585 0.3463716467741935 0.7166616961206896 0.3447626725806452 0.7252613857758621 0.34431263064516127 0.7251110495689655 0.34270365645161294 0.7315608168103448 0.3423661241935484 0.7357103254310345 0.34053212903225805 0.7397094956896552 0.33708915967741937 0.7389578103448275 0.32904428870967745 0.7345076271551724 0.32766033548387097 0.7088588943965517 0.33061943548387096 0.6987106293103448 0.33761788387096775 0.6779630905172415 0.3467878596774194 0.6781134288793104 0.3483968338709677 0.6695137392241379 0.34884687580645163 0.6653642306034482 0.350680870967742 0.6613650603448276 0.35412384032258065
2 0.7078212672413793 0.38888004032258067 0.712271448275862 0.3902639935483871 0.7465198728448276 0.3868548532258064 0.7589683943965517 0.3813528677419355 0.7663653879310345 0.3680310306451613 0.765914375 0.36320410806451614 0.7636141163793104 0.3617076435483871 0.757164349137931 0.3620451758064516 0.7570140107758621 0.36043620161290324 0.7441144762931035 0.361111264516129 0.710617739224138 0.37256527741935486 0.7024690603448276 0.3778422419354839 0.7029200732758621 0.38266916451612903 0.7078212672413793 0.38888004032258067
2 0.6305743922413793 0.3945393903225806 0.6181258685344828 0.4000413758064516 0.6141266982758621 0.40348434516129034 0.6144273728448275 0.40670229354838705 0.6168779698275862 0.4098077322580645 0.6190278922413793 0.4096952209677419 0.619929915948276 0.4193490677419355 0.6414291422413794 0.4182239629032258 0.6540280021551724 0.4143309516129033 0.6706260344827586 0.40699497096774195 0.6746252047413793 0.4035520016129032 0.6740238556034484 0.3971161048387097 0.6718739331896552 0.39722861451612906 0.6714229202586207 0.39240169193548385 0.666822400862069 0.38940876451612905 0.6496230215517241 0.3903088483870968 0.6497733577586208 0.39191782258064517 0.6390237456896553 0.39248037419354836 0.6391740840517242 0.3940893483870968 0.6305743922413793 0.3945393903225806
2 0.5894251896551724 0.39345914032258067 0.6066245711206896 0.39255905645161293 0.6278231206896552 0.3882160032258064 0.6424215668103448 0.3826015080645161 0.646420739224138 0.3791585387096774 0.6453683771551724 0.3678957193548387 0.6317171573275862 0.3605259096774193 0.6252673879310345 0.36086344193548386 0.6254177262931034 0.36247241612903225 0.6168180366379311 0.3629224580645161 0.591770650862069 0.37231745322580645 0.5877714806034483 0.3757604225806452 0.5871249310344828 0.3919626758064516 0.5894251896551724 0.39345914032258067
2 0.5047813254310345 0.41244032580645157 0.49448272413793104 0.4178298016129033 0.4947833987068966 0.42104775 0.4970836573275862 0.42254421451612906 0.5059840237068965 0.4253121209677419 0.514583713362069 0.4248620790322581 0.5147340495689655 0.4264710532258065 0.5297835086206897 0.4256834806451613 0.5299338448275862 0.42729245483870965 0.5406834568965517 0.42672990161290325 0.5405331206896552 0.4251209274193548 0.5491328103448276 0.424670885483871 0.5532823189655173 0.4228368903225806 0.559431411637931 0.4192814112903226 0.5588300625 0.41284551451612905 0.5476294374999999 0.4085811435483871 0.5390297478448276 0.40903118548387096 0.538879411637931 0.4074222112903226 0.5302797198275863 0.40787225322580645 0.5304300581896552 0.40948122741935483 0.5132306767241379 0.4103813096774193 0.5133810150862069 0.41199028548387095 0.5047813254310345 0.41244032580645157
2 0.3710351163793103 0.4145890516129032 0.3716364655172414 0.42102494838709675 0.3762369849137931 0.42401787580645156 0.39373703879310346 0.4263357403225807 0.4066365754310345 0.42566067741935487 0.406786911637931 0.4272696532258065 0.4497853620689655 0.42501944354838705 0.44963502586206894 0.4234104693548387 0.46038463793103446 0.4228479177419355 0.47913259267241376 0.4153994258064516 0.48298142456896553 0.4103474822580645 0.47623098275862075 0.407467064516129 0.46763129310344825 0.4079171064516129 0.4674809547413793 0.40630813225806456 0.43523211853448274 0.40799578870967745 0.4006830193965517 0.40818698225806455 0.4005326831896551 0.4065780080645161 0.3790334568965517 0.4077031129032258 0.3748839504310345 0.4095371080645161 0.3710351163793103 0.4145890516129032
2 0.5563342650862069 0.43237822580645163 0.5569356120689655 0.4388141225806451 0.5590855344827586 0.4387016129032258 0.5595365474137931 0.44352853548387094 0.5619871443965517 0.44663397419354844 0.5791865237068966 0.44573389032258065 0.5790361875000001 0.4441249161290322 0.5854859547413793 0.4437873838709677 0.5999340624999999 0.436563914516129 0.6019336487068966 0.43484242903225806 0.6005806142241379 0.4203616612903226 0.5961304310344827 0.4189777080645162 0.5896806637931035 0.41931523870967735 0.589831 0.4209242129032258 0.5790813879310345 0.4214867661290323 0.5792317262931035 0.4230957403225807 0.5727819590517241 0.42343327096774197 0.5603334353448276 0.4289352564516129 0.5563342650862069 0.43237822580645163
2 0.4859429676724138 0.46516511774193553 0.4667440021551724 0.4677866870967742 0.44659781249999997 0.4833925596774194 0.4468984870689655 0.4866105080645161 0.44904840948275865 0.48649799677419353 0.4508976573275862 0.48316753870967744 0.4574977629310345 0.4844389806451613 0.4616472693965517 0.48260498548387093 0.5086448922413793 0.4769118080645161 0.5187931551724138 0.46991335806451606 0.5333916012931035 0.4642988629032258 0.5415402801724137 0.4590218983870967 0.5433895280172414 0.4556914387096774 0.5389393448275862 0.45430748548387095 0.5046909224137931 0.45771662741935487 0.5048412586206896 0.45932560161290326 0.4983914913793103 0.45966313225806454 0.4985418297413793 0.4612721064516129 0.4920920625 0.4616096387096774 0.49224239870689657 0.4632186129032258 0.48579263146551727 0.4635561435483871 0.4859429676724138 0.46516511774193553
2 0.4884987004310345 0.49251768064516127 0.4880476896551724 0.4876907580645161 0.48359750646551725 0.4863068048387097 0.4534985926724138 0.48788195 0.44519957543103444 0.49154994032258065 0.43120247844827586 0.5036003338709678 0.4295035689655173 0.5085397677419354 0.4488528706896552 0.5075271741935484 0.4657515775862069 0.5034091419354839 0.4884987004310345 0.49251768064516127
2 0.4162581573275862 0.5286350322580645 0.44730429741379313 0.5140755806451612 0.4513034676724138 0.5106326112903226 0.45085245689655173 0.5058056887096775 0.4250533857758621 0.507155814516129 0.42520372413793106 0.5087647887096775 0.4166040323275862 0.5092148306451613 0.38755747844827587 0.5220527967741936 0.3755599676724138 0.5323817048387097 0.3757103038793103 0.533990679032258 0.39935945258620686 0.532753064516129 0.4162581573275862 0.5286350322580645
2 0.3853623556034483 0.5448034564516129 0.3961119676724138 0.5442409048387097 0.40026147413793106 0.5424069096774193 0.40426064655172417 0.5389639403225807 0.40380963362068967 0.5341370177419354 0.37156079525862074 0.5358246741935484 0.3632617801724138 0.5394926645161291 0.3592626099137931 0.5429356338709678 0.36171320689655173 0.5460410709677419 0.36816297413793103 0.5457035403225806 0.3683133125 0.5473125145161291 0.38551269181034487 0.5464124306451613 0.3853623556034483 0.5448034564516129
2 0.3462726724137931 0.5888869967741935 0.35302311422413796 0.591767414516129 0.3637727262931035 0.5912048612903226 0.3636223900862069 0.5895958870967741 0.3700721573275862 0.5892583564516128 0.3783711724137931 0.5855903661290323 0.3923682693965517 0.5735399725806452 0.3917669202586207 0.5671040758064516 0.3893163232758621 0.5639986370967741 0.38256588146551723 0.561118220967742 0.3804159590517241 0.5612307306451613 0.3805662974137931 0.5628397048387097 0.3741165301724138 0.5631772370967743 0.3699670215517241 0.5650112322580645 0.3458216594827586 0.5840600741935484 0.3462726724137931 0.5888869967741935
2 0.3030334827586207 0.6348045322580644 0.3266826293103448 0.6335669177419355 0.3328317219827586 0.6300114370967742 0.3446788965517241 0.6180735548387096 0.34852773060344827 0.6130216112903226 0.3473250323275862 0.6001498161290323 0.34502477370689655 0.5986533532258065 0.33857500646551725 0.5989908838709678 0.3387253426724138 0.6005998580645161 0.32367588577586204 0.6013874322580646 0.31537686853448277 0.6050554225806452 0.29723026508620687 0.6189398096774194 0.2985832995689655 0.633420579032258 0.3030334827586207 0.6348045322580644
2 0.2950351400862069 0.6416904709677419 0.28643545043103447 0.6421405129032258 0.27813643534482757 0.6458085032258064 0.27213767887931034 0.6509729564516129 0.27258869181034484 0.6557998806451614 0.27043876724137933 0.6559123903225806 0.27104011637931036 0.6623482870967742 0.2688901939655172 0.6624607983870967 0.26919086853448276 0.6656787467741936 0.3014397068965517 0.6639910903225806 0.32188657112068964 0.6516031661290322 0.32573540517241384 0.646551220967742 0.3275846530172414 0.6432207629032258 0.32698330387931035 0.6367848661290323 0.32268345905172413 0.6370098870967742 0.3228337952586207 0.6386188612903225 0.31638402801724136 0.6389563919354839 0.31438444396551724 0.6406778774193548 0.3036348297413793 0.6412404290322581 0.29918464870689654 0.6398564758064516 0.2948848038793103 0.6400814967741936 0.2950351400862069 0.6416904709677419
2 0.23204083836206896 0.6611555274193548 0.22834234051724137 0.6678164451612904 0.23029672413793104 0.6887331096774193 0.23674649353448277 0.688395579032258 0.26274110129310346 0.6660162774193549 0.2701380948275862 0.6526944419354839 0.2696870818965517 0.6478675193548388 0.2610873922413793 0.6483175612903226 0.25693788362068964 0.6501515564516129 0.2570882219827586 0.6517605306451613 0.24848853232758622 0.6522105725806452 0.24863886853448278 0.6538195467741935 0.24218910129310345 0.6541570774193548 0.23604000862068966 0.6577125580645161 0.23204083836206896 0.6611555274193548
2 0.19891944181034482 0.7922361887096775 0.2155626745689655 0.7622620564516129 0.2795946056034483 0.6845363951612903 0.28024115517241377 0.668334143548387 0.26534203663793104 0.6707306903225806 0.22595167887931034 0.7115962822580645 0.19931051939655173 0.750177835483871 0.16286697198275862 0.7763376387096774 0.11994318965517242 0.8949965467741936 0.12854287931034483 0.8945465048387097 0.1405403922413793 0.8842175967741936 0.18292276077586206 0.8060080661290323 0.19891944181034482 0.7922361887096775
2 0.16461008405172414 0.9799684806451613 0.1652114331896552 0.9864043774193547 0.17056363793103446 0.9974421758064516 0.1727135603448276 0.9973296661290322 0.17366078448275862 0.9843453612903226 0.1758107068965517 0.9842328516129033 0.17705860775862067 0.9744664951612902 0.1792085301724138 0.9743539838709677 0.17955440517241378 0.9549337822580645 0.17899825646551723 0.925859735483871 0.17504428879310346 0.9066645548387097 0.17074444396551722 0.9068895758064516 0.17119545474137932 0.9117164983870968 0.1690455323275862 0.9118290080645161 0.1630015754310345 0.9396316129032258 0.16085165301724136 0.9397441225806451 0.16065611422413795 0.9607732999999999 0.16246016163793103 0.9800809903225807 0.16461008405172414 0.9799684806451613