2 0.24750720814479638 0.35261023220338983 0.2565445814479638 0.35296505254237287 0.2564261742081448 0.3546576440677966 0.27235997963800906 0.35358598644067796 0.2705742669683258 0.3467269118644068 0.25784705882352943 0.3343465355932203 0.25213469457013576 0.3188470881355932 0.23488880090497735 0.30628930169491525 0.18695936651583708 0.2789489050847458 0.17126237330316743 0.27663537627118645 0.16852940271493214 0.28331704237288136 0.18530166742081447 0.30264519830508474 0.1885178733031674 0.3214411254237288 0.19898573755656107 0.3337327966101695 0.21635003846153847 0.34459799152542375 0.23656571719457015 0.3470889288135593 0.24750720814479638 0.35261023220338983
2 0.23880584389140272 0.28268171186440677 0.23809540271493213 0.2928372661016949 0.24225886651583708 0.29809245423728814 0.25082260859728506 0.3052176440677966 0.259623165158371 0.30895764915254237 0.2686605384615385 0.3093124694915254 0.27115669457013575 0.3060159881355932 0.28269022398190047 0.30307432881355933 0.29600946606334844 0.3069917440677966 0.2986240294117647 0.3020026711864407 0.29243803619909503 0.29327359491525423 0.32014218778280545 0.285875093220339 0.3203790022624434 0.282489906779661 0.2896954592760181 0.2677072983050847 0.2322550226244344 0.24678245084745762 0.20978000226244345 0.24420280847457626 0.21168412443438916 0.24936929152542373 0.2181069298642534 0.25471318305084745 0.23344870135746607 0.2621044881355932 0.2402267307692308 0.2623706033898305 0.24570228054298643 0.2812552338983051 0.24558387330316744 0.2829478271186441 0.23880584389140272 0.28268171186440677
2 0.13390960180995476 0.22764609830508473 0.12106398868778281 0.21695831355932202 0.10774474660633485 0.21304089830508474 0.09418868778280542 0.21250866949152544 0.09371506108597286 0.21927903898305082 0.1088200180995475 0.23005552881355934 0.11785738914027148 0.23041034915254235 0.11773898190045248 0.23210294067796608 0.13355438235294118 0.23272387627118643 0.13390960180995476 0.22764609830508473
2 0.17470578733031675 0.25979815762711866 0.17732035294117648 0.2548090847457627 0.17506100904977376 0.25472037966101696 0.17541623076923077 0.24964260338983052 0.1733937036199095 0.24616871355932204 0.16685248868778282 0.24251741355932202 0.15805193212669683 0.23877740847457626 0.14675521719457016 0.2383338830508475 0.1461631809954751 0.24679684576271188 0.1502082375565611 0.25374462542372883 0.1544901108597285 0.25730722033898307 0.1632906674208145 0.2610472254237288 0.17006869457013574 0.2613133406779661 0.17470578733031675 0.25979815762711866
2 0.42529445701357466 0.4020214440677966 0.4340950158371041 0.40576144915254236 0.4499104140271493 0.40638238305084745 0.46215438687782806 0.3932851694915254 0.4780881923076923 0.3922135118644068 0.48522144343891405 0.3874018491525424 0.47439835746606335 0.38018795423728813 0.4544194932126697 0.37431183220338987 0.43301013574660635 0.35649885762711864 0.388060092760181 0.3513395728813559 0.36403617194570137 0.33851567118644066 0.3264561945701357 0.3251595389830509 0.31967816515837105 0.3248934237288135 0.3124265090497737 0.3313976779661017 0.314330628959276 0.33656416101694914 0.3321685588235294 0.3406589847457627 0.42529445701357466 0.4020214440677966
2 0.40960707239819005 0.4319558779661017 0.413770536199095 0.43721106440677965 0.44231314253393667 0.4502123762711864 0.47572965837104075 0.4583133220338983 0.46323926470588234 0.44254775932203394 0.44314199321266967 0.4383642288135593 0.4061540497737557 0.4165451355932203 0.4072197149321267 0.4013118033898305 0.400796907239819 0.3959679118644068 0.35679412217194567 0.377267886440678 0.3352663574660633 0.3611475050847458 0.31766524434389143 0.35366749491525423 0.30862787330316743 0.3533126745762712 0.3081542443438914 0.3600830440677966 0.3400314660633484 0.3901876915254237 0.35727735746606337 0.4027454779661017 0.368455665158371 0.4048815949152543 0.3918875497737556 0.4261684593220339 0.40960707239819005 0.4319558779661017
2 0.39760952262443444 0.47391586779661016 0.41330651583710404 0.47622939491525423 0.39522216515837105 0.4432717949152542 0.362871314479638 0.41993751694915255 0.31494188009049773 0.3925971203389831 0.30376357239819 0.39046100338983053 0.30340835067873306 0.39553877966101697 0.31589874434389137 0.4113043423728814 0.33528557239819007 0.4256434271186441 0.3572869660633484 0.4349934389830508 0.3788147285067874 0.45111382203389827 0.3784595090497737 0.45619159830508477 0.39760952262443444 0.47391586779661016
2 0.4282930656108597 0.4886984779661017 0.4279378438914027 0.49377625423728816 0.44708785746606333 0.5115005237288135 0.4558884140271493 0.5152405288135593 0.46266644343891405 0.5155066440677966 0.46254803619909507 0.5171992372881357 0.480622778280543 0.5179088762711864 0.480504371040724 0.5196014694915254 0.5001280135746606 0.5305553694915255 0.5091653846153846 0.5309101881355932 0.5097574208144796 0.522447227118644 0.4952445 0.5032077745762712 0.5024961561085972 0.496703520338983 0.5199788642533937 0.5058761220338983 0.5267568936651584 0.5061422372881356 0.5266384864253394 0.5078348305084746 0.5334165135746606 0.5081009440677966 0.5337717352941177 0.5030231677966102 0.5209261221719457 0.4923353830508474 0.49904313574660636 0.4812927779661017 0.4922651063348416 0.4810266627118644 0.4923835135746606 0.47933407118644067 0.47621289366515834 0.4837909135593221 0.46753074208144796 0.4783583152542373 0.44981122171945703 0.4725708983050847 0.444937314479638 0.47747126610169494 0.4468414366515837 0.48263774745762716 0.439589778280543 0.4891420033898305 0.430670814479638 0.48709458983050846 0.4282930656108597 0.4886984779661017
2 0.5552802850678733 0.45464762711864404 0.5643176561085973 0.4550024474576271 0.5690731561085973 0.45179467288135594 0.5693099705882353 0.4484094881355932 0.5607462285067873 0.4412842983050847 0.5343445565610859 0.4300642830508475 0.5275665294117647 0.4297981677966102 0.5276849343891402 0.42810557627118645 0.516388221719457 0.4276620508474576 0.515677778280543 0.43781760508474576 0.5330420791855204 0.4486828 0.5483838506787331 0.45607410508474583 0.5551618778280543 0.456340220338983 0.5552802850678733 0.45464762711864404
2 0.47523681447963806 0.40058776949152547 0.4906969932126697 0.4062864813559322 0.5085349208144796 0.410381306779661 0.5198316357466063 0.41082483050847457 0.5222093846153847 0.40922094406779663 0.5224461990950227 0.40583575932203386 0.5203052647058823 0.40405446101694914 0.5159049864253393 0.4021844593220339 0.5068676131221719 0.40182963898305085 0.5069860203619909 0.40013704576271186 0.49164425113122173 0.39274574237288135 0.4826068778280543 0.3923909220338983 0.4827252850678733 0.3906983288135593 0.4782065995475113 0.3905209186440678 0.4780881923076923 0.3922135118644068 0.47131016515837104 0.3919473966101695 0.46667307239819006 0.39346257966101694 0.466554665158371 0.39515517118644067 0.47523681447963806 0.40058776949152547
2 0.6070467850678734 0.5890648728813559 0.6094245339366515 0.5874609847457628 0.6097797556561085 0.582383206779661 0.5974077714932127 0.5649250525423729 0.590866556561086 0.5612737525423729 0.577547314479638 0.5573563389830508 0.5662505995475113 0.556912813559322 0.5657769705882353 0.5636831830508475 0.568036314479638 0.5637718881355932 0.567681092760181 0.5688496644067796 0.5805267058823529 0.5795374491525423 0.6025280995475114 0.5888874627118644 0.6070467850678734 0.5890648728813559
2 0.2444158959276018 0.7530378 0.2539268959276018 0.7466222508474577 0.2564230520361991 0.7433257711864407 0.25737030995475113 0.7297850322033899 0.25511096606334843 0.7296963271186441 0.25546618778280544 0.7246185491525424 0.24749447963800905 0.7090303983050847 0.2410716742081448 0.7036865050847457 0.23429364479638007 0.7034203898305085 0.23239913122171946 0.7305018694915254 0.23465847285067873 0.7305905745762712 0.23406643891402715 0.7390535355932203 0.2377562737556561 0.751079093220339 0.2398972104072398 0.7528603915254237 0.2444158959276018 0.7530378
2 0.30004179411764703 0.6703596898305085 0.31752450226244344 0.6795322915254237 0.396483092760181 0.6843295593220339 0.3963646877828055 0.6860221525423729 0.4076614004524887 0.6864656762711865 0.4075429932126697 0.6881582694915254 0.4233583936651584 0.6887792050847458 0.42573614253393666 0.6871753169491526 0.42609136425339367 0.6820975389830508 0.4128905294117647 0.6764875322033898 0.3904155090497738 0.6739078898305085 0.3905339162895928 0.6722152966101695 0.3636586153846154 0.6677656525423729 0.3637770226244344 0.666073059322034 0.3569989932126697 0.6658069457627118 0.3571174004524887 0.6641143525423729 0.3503393733031674 0.6638482372881356 0.35045778054298643 0.6621556457627119 0.34367975113122173 0.6618895305084745 0.3437981583710407 0.6601969372881356 0.337020128959276 0.6599308220338983 0.337138536199095 0.6582382305084745 0.32358247963800907 0.657706 0.32370088687782805 0.6560134084745762 0.3169228597285068 0.655747293220339 0.3170412669683258 0.6540547 0.3034852081447964 0.6535224694915255 0.29884811538461536 0.6550376525423729 0.3008706447963801 0.6585115423728813 0.30004179411764703 0.6703596898305085