2 0.19791666666666666 0.5015625 0.2 0.5203125 0.22083333333333333 0.5203125 0.23541666666666666 0.5296875 0.23958333333333334 0.546875 0.27291666666666664 0.5890625 0.2916666666666667 0.59375 0.27291666666666664 0.5390625 0.24375 0.5046875 0.23958333333333334 0.4859375 0.18125 0.4625 0.17708333333333334 0.484375 0.19791666666666666 0.5015625
2 0.31666666666666665 0.478125 0.3125 0.546875 0.31666666666666665 0.559375 0.33958333333333335 0.5703125 0.3541666666666667 0.5546875 0.35625 0.5328125 0.3416666666666667 0.5109375 0.3458333333333333 0.4703125 0.33125 0.4421875 0.31875 0.4375 0.3104166666666667 0.44375 0.31666666666666665 0.478125
2 0.36666666666666664 0.5421875 0.3875 0.4859375 0.4083333333333333 0.4625 0.40208333333333335 0.4203125 0.41875 0.3921875 0.41458333333333336 0.3453125 0.4041666666666667 0.35 0.3958333333333333 0.3671875 0.35625 0.5015625 0.3541666666666667 0.5359375 0.36666666666666664 0.5421875
2 0.3958333333333333 0.6234375 0.4583333333333333 0.578125 0.46041666666666664 0.56875 0.44375 0.54375 0.425 0.546875 0.40625 0.5421875 0.40208333333333335 0.534375 0.3875 0.5375 0.3854166666666667 0.603125 0.3958333333333333 0.6234375
2 0.4395833333333333 0.525 0.46458333333333335 0.50625 0.4625 0.459375 0.5041666666666667 0.425 0.5166666666666667 0.3984375 0.5541666666666667 0.3625 0.5541666666666667 0.353125 0.4979166666666667 0.371875 0.42916666666666664 0.46875 0.425 0.521875 0.4395833333333333 0.525
2 0.525 0.4796875 0.54375 0.465625 0.5416666666666666 0.440625 0.50625 0.4625 0.49166666666666664 0.48125 0.4895833333333333 0.4921875 0.525 0.4796875
2 0.575 0.40625 0.6166666666666667 0.3671875 0.56875 0.3875 0.5541666666666667 0.4 0.575 0.40625
2 0.6916666666666667 0.534375 0.6854166666666667 0.509375 0.65625 0.5 0.5895833333333333 0.5171875 0.5666666666666667 0.55 0.6916666666666667 0.534375
2 0.47291666666666665 0.559375 0.47708333333333336 0.5625 0.4875 0.5625 0.4875 0.5609375 0.49375 0.5609375 0.4979166666666667 0.5578125 0.5 0.5546875 0.5 0.5453125 0.49583333333333335 0.540625 0.49166666666666664 0.540625 0.48333333333333334 0.546875 0.4791666666666667 0.5484375 0.47291666666666665 0.553125 0.47291666666666665 0.559375
2 0.6833333333333333 0.5625 0.6854166666666667 0.5625 0.6854166666666667 0.5671875 0.6895833333333333 0.571875 0.7041666666666667 0.58125 0.74375 0.596875 0.75 0.596875 0.76875 0.5921875 0.76875 0.590625 0.7770833333333333 0.590625 0.7833333333333333 0.5859375 0.7833333333333333 0.578125 0.78125 0.578125 0.7791666666666667 0.56875 0.7479166666666667 0.5515625 0.7354166666666667 0.5484375 0.70625 0.5484375 0.70625 0.55 0.6979166666666666 0.55 0.6958333333333333 0.553125 0.6854166666666667 0.5546875 0.6833333333333333 0.55625 0.6833333333333333 0.5625
2 0.6958333333333333 0.5984375 0.7041666666666667 0.60625 0.7125 0.60625 0.7166666666666667 0.603125 0.7166666666666667 0.5984375 0.71875 0.5984375 0.71875 0.5953125 0.7125 0.5890625 0.7020833333333333 0.5890625 0.6958333333333333 0.59375 0.6958333333333333 0.5984375
2 0.6791666666666667 0.4546875 0.6708333333333333 0.459375 0.675 0.4640625 0.7354166666666667 0.4765625 0.8020833333333334 0.45625 0.7708333333333334 0.40625 0.73125 0.40625 0.7125 0.415625 0.71875 0.4421875 0.6791666666666667 0.4546875
2 0.7979166666666667 0.54375 0.8125 0.6125 0.81875 0.61875 0.8458333333333333 0.621875 0.8625 0.5703125 0.8416666666666667 0.5234375 0.8145833333333333 0.5125 0.8145833333333333 0.528125 0.7979166666666667 0.54375
2 0.8979166666666667 0.4515625 0.9625 0.4609375 0.9979166666666667 0.484375 0.9979166666666667 0.403125 0.9166666666666666 0.4015625 0.8583333333333333 0.4125 0.85625 0.4203125 0.8979166666666667 0.4515625