0 0.34791666666666665 0.3640625 0.3645833333333333 0.259375 0.375 0.140625 0.37083333333333335 0.103125 0.3625 0.1109375 0.35208333333333336 0.1875 0.3333333333333333 0.2359375 0.32083333333333336 0.3046875 0.31875 0.3328125 0.34791666666666665 0.3640625
0 0.88125 0.9984375 0.9041666666666667 0.9859375 0.99375 0.9578125 0.9958333333333333 0.93125 0.925 0.9390625 0.7458333333333333 0.9796875 0.70625 0.9984375 0.88125 0.9984375
0 0.5395833333333333 0.3375 0.5979166666666667 0.2421875 0.6375 0.1921875 0.6375 0.1515625 0.6291666666666667 0.153125 0.5479166666666667 0.2765625 0.5333333333333333 0.315625 0.53125 0.334375 0.5395833333333333 0.3375
0 0.5479166666666667 0.16875 0.5791666666666667 0.134375 0.6208333333333333 0.0390625 0.61875 0.025 0.6 0.0390625 0.5395833333333333 0.1484375 0.5395833333333333 0.1671875 0.5479166666666667 0.16875
0 0.7604166666666666 0.859375 0.7604166666666666 0.8734375 0.7708333333333334 0.8859375 0.8083333333333333 0.9046875 0.7875 0.85 0.7520833333333333 0.7953125 0.7395833333333334 0.79375 0.7395833333333334 0.8390625 0.7604166666666666 0.859375
0 0.70625 0.071875 0.7395833333333334 0.0296875 0.7520833333333333 0 0.725 0.003125 0.7 0.040625 0.6979166666666666 0.065625 0.70625 0.071875
0 0.45416666666666666 0.3484375 0.48333333333333334 0.3046875 0.5020833333333333 0.2453125 0.49375 0.2484375 0.4583333333333333 0.3046875 0.45 0.3234375 0.45416666666666666 0.3484375
0 0.8895833333333333 0.5921875 0.9291666666666667 0.575 0.94375 0.5546875 0.93125 0.55 0.9 0.5546875 0.8854166666666666 0.571875 0.8833333333333333 0.5921875 0.8895833333333333 0.5921875
0 0.46458333333333335 0.45625 0.48541666666666666 0.4234375 0.48333333333333334 0.3890625 0.4583333333333333 0.4140625 0.45625 0.446875 0.46458333333333335 0.45625
0 0.55625 0.6984375 0.575 0.696875 0.6166666666666667 0.6890625 0.6708333333333333 0.6578125 0.69375 0.653125 0.6958333333333333 0.6015625 0.64375 0.615625 0.5416666666666666 0.678125 0.5395833333333333 0.6875 0.55625 0.6984375
0 0.36875 0.55 0.3770833333333333 0.55 0.42083333333333334 0.5296875 0.43125 0.515625 0.41041666666666665 0.4796875 0.4125 0.421875 0.3770833333333333 0.415625 0.3645833333333333 0.403125 0.36666666666666664 0.5375 0.36875 0.55