2 0.272529336492891 0.4339811684397163 0.22681992180094787 0.4441542234042553 0.22366327725118484 0.44733856205673755 0.2251739691943128 0.4511386755319149 0.26525780805687205 0.45462663829787237 0.3414401658767772 0.4376715478723404 0.35475445734597155 0.432226530141844 0.3914054265402844 0.42986037943262406 0.41679954739336494 0.42420868262411343 0.4118559857819905 0.4145544574468085 0.3904414881516588 0.41352958865248224 0.272529336492891 0.4339811684397163
2 0.31165493601895733 0.4517459219858156 0.2865370402843602 0.46643607092198586 0.27953603791469195 0.4655124113475177 0.26155440995260665 0.4703416560283688 0.24824011848341232 0.47578667375886524 0.24233831753554502 0.4804092393617021 0.24110385071090046 0.4856475780141844 0.262929836492891 0.4849263333333333 0.26334132464454973 0.483180219858156 0.2726759952606635 0.48441176773049643 0.2730874834123223 0.48266565425531915 0.2894231587677725 0.4848208617021276 0.2898346469194313 0.48307475 0.29683564928909956 0.48399840957446805 0.3175624336492891 0.47773093971631203 0.3316997037914692 0.46879369503546103 0.36025046682464457 0.45995765957446805 0.3623079099526066 0.45122709397163124 0.3588750402843602 0.44537298226950356 0.34446154739336493 0.44527177304964544 0.31165493601895733 0.4517459219858156
2 0.35901600236966824 0.46519599822695035 0.3546248909952607 0.4736186773049645 0.3565470710900474 0.4756726773049645 0.41173211848341235 0.4865541861702128 0.49779589810426544 0.4582999663120567 0.5064428554502369 0.45223917375886524 0.5076773222748815 0.447000835106383 0.5006763199052132 0.4460771755319149 0.4873620260663507 0.45152219326241133 0.470203374407583 0.4528592109929078 0.4357508104265403 0.46631781205673756 0.42641613981042653 0.46508626418439714 0.405689355450237 0.4713537358156028 0.39717766113744074 0.4666299627659575 0.39374479146919433 0.4607758492907802 0.3820764549763033 0.45923641489361705 0.35901600236966824 0.46519599822695035
2 0.2954659194312796 0.5000213138297872 0.28599598578199054 0.5095743315602836 0.27734902843601894 0.5156351241134752 0.27611456398104267 0.5208734627659575 0.2877829004739336 0.5224128971631206 0.28819438862559243 0.5206667836879433 0.2951953933649289 0.5215904450354609 0.33445055687203795 0.4979630514184397 0.33760720142180095 0.4947787127659574 0.3384301800947867 0.49128648581560286 0.3341743317535545 0.48892459929078014 0.3248396611374407 0.4876930514184397 0.31976083886255924 0.4888233918439716 0.2954659194312796 0.5000213138297872
2 0.4253226350710901 0.49014762056737593 0.42161923696682463 0.5058626382978724 0.42354141706161136 0.5079166382978724 0.4328760876777251 0.5091481861702127 0.44660186966824644 0.5019570549645389 0.45291515876777255 0.4955883758865248 0.4562070663507109 0.48161947163120566 0.44687239573459714 0.48038792375886524 0.4417935710900474 0.48151826418439714 0.4253226350710901 0.49014762056737593
2 0.422994663507109 0.5204473156028369 0.42134871090047393 0.5274317677304965 0.42478158056872034 0.5332858812056738 0.4387835853080569 0.5351332021276596 0.45168638862559246 0.5314342978723404 0.45799968009478675 0.5250656187943262 0.46170307582938386 0.5093506010638298 0.45827020616113745 0.5034964893617021 0.4489355355450237 0.5022649414893616 0.4324645995260663 0.5108942978723404 0.422994663507109 0.5204473156028369
2 0.35957414928909953 0.5138804840425533 0.3469475687203792 0.5266178421985817 0.34571310426540286 0.5318561808510638 0.34763528199052135 0.5339101808510638 0.35779293127962086 0.5316495017730497 0.3908757677725119 0.534213804964539 0.39869974644549766 0.5316452393617022 0.40185639099526066 0.5284609007092198 0.40514830094786725 0.5144919964539008 0.40363760900473933 0.5106918829787234 0.3966366066350711 0.5097682216312057 0.3915577819905213 0.5108985620567376 0.39114629383886257 0.5126446737588652 0.365064462085308 0.5110040319148936 0.35957414928909953 0.5138804840425533
2 0.31853206872037915 0.5246693120567376 0.31688611611374407 0.5316537641843972 0.3145524478672986 0.5313458776595745 0.3124950047393365 0.5400764432624113 0.31826154265402845 0.5462384432624113 0.32526254502369667 0.5471621028368794 0.3248510568720379 0.5489082163120567 0.3388530616113744 0.5507555372340426 0.36369473222748816 0.5270269361702128 0.3645177085308057 0.5235347109929078 0.3487287867298578 0.5088488244680851 0.3370604502369668 0.507309390070922 0.328824981042654 0.5116240691489361 0.31853206872037915 0.5246693120567376
2 0.2774956872037915 0.5660657234042553 0.27324553791469197 0.5943114184397164 0.2755792037914692 0.5946193049645391 0.2861483412322275 0.5906125124113475 0.2920501421800948 0.5859899485815603 0.29328460900473935 0.5807516081560283 0.29836343127962084 0.5796212695035461 0.3078333672985782 0.5700682517730497 0.3094793199052132 0.5630837996453901 0.31181298815165875 0.5633916861702127 0.3155163862559242 0.5476766684397163 0.3135942061611375 0.5456226684397163 0.3089268720379147 0.545006895390071 0.2924559336492891 0.5536362517730496 0.2774956872037915 0.5660657234042553
2 0.33844727014218007 0.5831092322695035 0.3361136042654029 0.5828013457446808 0.33446764928909956 0.5897857978723404 0.332133981042654 0.5894779113475178 0.3304880260663507 0.5964623634751772 0.3281543601895735 0.5961544769503546 0.3248624502369668 0.6101233812056737 0.3365307890995261 0.6116628156028369 0.3361193009478673 0.6134089273049645 0.3403751469194313 0.6157708138297873 0.34970981753554503 0.6170023617021276 0.3630241113744076 0.6115573439716312 0.3807295142180095 0.5976896471631206 0.3910224241706161 0.5846444042553192 0.39349135545023695 0.574167725177305 0.3722121232227488 0.5623582925531915 0.3465417796208531 0.5589715372340426 0.34379662322274884 0.5604097624113475 0.33844727014218007 0.5831092322695035
2 0.46721048104265406 0.5982968953900709 0.46227261848341233 0.6192502517730496 0.4646062843601896 0.6195581382978723 0.4633718199052133 0.6247964787234043 0.4679038909952607 0.6361968173758865 0.47559260663507114 0.6444128156028369 0.4942619478672986 0.6468759113475178 0.49934077251184833 0.6457455709219858 0.5073000165876776 0.6323924414893617 0.5051016137440758 0.621299989361702 0.5027679454976303 0.6209921028368794 0.5040024099526067 0.6157537641843972 0.5009810308056872 0.6081535372340426 0.4894479549763033 0.5958295390070922 0.47544595023696684 0.5939822163120567 0.47036712559241706 0.5951125567375887 0.46721048104265406 0.5982968953900709
2 0.495778336492891 0.6812836063829787 0.49330940521327016 0.6917602836879433 0.49674227488151657 0.6976143971631206 0.5009981208530806 0.6999762836879433 0.5079991255924171 0.700899945035461 0.5181567725118483 0.6986392659574469 0.5291373981042654 0.6928863617021277 0.5299603744075829 0.689394134751773 0.5246053246445498 0.6814860230496453 0.5203494786729858 0.679124134751773 0.511014808056872 0.6778925886524823 0.5114262962085309 0.676146475177305 0.5090926303317536 0.6758385886524823 0.5086811398104265 0.6775847021276596 0.5016801374407582 0.6766610407801418 0.495778336492891 0.6812836063829787
2 0.46681038625592414 0.6612581737588653 0.4558297606635071 0.6670110780141845 0.4545952962085308 0.6722494166666666 0.46036183412322274 0.6784114166666666 0.4793074004739336 0.6899129627659574 0.4956430734597156 0.6920681719858156 0.5085458767772512 0.6883692659574469 0.5033260924170616 0.6696765886524823 0.49755955450236966 0.6635145886524823 0.4905585521327014 0.6625909290780142 0.4909700402843602 0.6608448156028369 0.4863027061611374 0.6602290425531915 0.48589121563981047 0.6619751542553192 0.4718892109004739 0.6601278333333334 0.46681038625592414 0.6612581737588653
2 0.42973653317535543 0.6041552712765957 0.43207020142180097 0.6044631578014185 0.4287782938388625 0.6184320620567376 0.4302889834123223 0.6222321755319149 0.4372899857819905 0.6231558351063831 0.4459369431279621 0.6170950443262412 0.44964034123222746 0.6013800265957447 0.44730667298578203 0.601072140070922 0.44977560426540286 0.5905954627659574 0.4479886895734597 0.5777568971631206 0.44565502132701423 0.5774490106382979 0.4468894881516588 0.572210670212766 0.44537879620853077 0.5684105585106383 0.4430451303317536 0.5681026719858155 0.44181066350710896 0.5733410106382979 0.4394769952606635 0.5730331241134752 0.42973653317535543 0.6041552712765957
2 0.3939142393364929 0.6336367765957447 0.3906223317535545 0.6476056808510637 0.39295599763033173 0.6479135673758865 0.39172153317535546 0.6531519078014184 0.3955658909952607 0.6572599078014184 0.4025668933649289 0.6581835673758866 0.4053120497630332 0.6567453421985816 0.4073694928909953 0.6480147765957447 0.40970316113744076 0.6483226631205673 0.4161517132701422 0.631169420212766 0.423558509478673 0.599739384751773 0.42698568009478677 0.5749859148936171 0.42272983412322274 0.5726240283687943 0.4172395213270142 0.5755004804964539 0.3939142393364929 0.6336367765957447
2 0.4154696990521327 0.6544846631205673 0.41780336492890996 0.65479254964539 0.41492294549763037 0.6670153404255319 0.4164336374407583 0.6708154539007093 0.4234346398104265 0.6717391134751773 0.42933644075829386 0.6671165478723404 0.43866541469194315 0.6377405141843971 0.43646700947867295 0.6266480620567376 0.43221116350710903 0.6242861755319149 0.4334456279620853 0.6190478368794327 0.4319349383886256 0.6152477234042553 0.4296012701421801 0.6149398368794327 0.4191730947867298 0.6387696453900709 0.4154696990521327 0.6544846631205673
2 0.3884296232227488 0.6671208120567377 0.38129335781990525 0.6769817163120567 0.38005889099526063 0.682220054964539 0.38198107109004736 0.684274054964539 0.4053177464454977 0.6873529237588653 0.4092973696682464 0.6806763581560284 0.406963701421801 0.6803684716312057 0.40943263270142183 0.6698917925531914 0.4070989644549763 0.6695839060283688 0.4087449194312796 0.6625994539007093 0.4068227417061611 0.6605454539007093 0.39982173696682466 0.6596217943262411 0.39433142654028436 0.6624982464539007 0.3884296232227488 0.6671208120567377
2 0.16383368483412322 0.5582716063829787 0.15203008293838863 0.5675167375886524 0.1503841279620853 0.574501189716312 0.15738513033175353 0.5754248492907802 0.15697364218009477 0.5771709627659575 0.15930731042654028 0.5774788492907802 0.15971879857819904 0.5757327375886524 0.1737208056872038 0.5775800585106383 0.17413229383886256 0.575833945035461 0.1811332962085308 0.5767576046099291 0.1917024336492891 0.5727508138297872 0.1929368981042654 0.567512475177305 0.1952705663507109 0.5678203617021276 0.1969165213270142 0.560835909574468 0.19540582938388626 0.5570357960992908 0.19156147156398107 0.5529277960992908 0.17714797630331752 0.5528265886524822 0.16383368483412322 0.5582716063829787
2 0.21930065402843602 0.6087991507092199 0.21806618720379148 0.6140374893617021 0.21573252132701423 0.6137296028368795 0.2124406113744076 0.6276985070921985 0.2101069431279621 0.6273906205673759 0.20763801184834121 0.6378672996453901 0.21573821800947868 0.6443371861702129 0.22040555213270144 0.6449529592198582 0.23769946682464455 0.6328313758865248 0.24524722274881516 0.6212243581560284 0.24812764218009478 0.6090015673758865 0.2442832843601896 0.6048935673758865 0.23728228199052132 0.6039699060283688 0.22204581042654029 0.6073609255319149 0.21930065402843602 0.6087991507092199
2 0.22713033175355452 0.6368381684397164 0.22589586492890998 0.6420765070921985 0.23083942417061612 0.6517307322695036 0.2385281421800948 0.6599467322695035 0.24182574644549765 0.6765854095744681 0.2433364383886256 0.6803855230496454 0.2456701066350711 0.6806934095744681 0.2593958862559242 0.6735022783687943 0.2716109786729858 0.6625110354609929 0.27256921800947864 0.6482342429078014 0.27023554976303316 0.6479263563829788 0.27311597156398104 0.6357035656028369 0.26817240995260666 0.626049340425532 0.25650407345971565 0.6245099060283688 0.24085611137440757 0.6296470372340426 0.23618877725118484 0.6290312624113475 0.22713033175355452 0.6368381684397164
2 0.1723624691943128 0.6548181258865249 0.16604918009478672 0.661186804964539 0.1635802488151659 0.6716634840425532 0.16591391706161138 0.6719713705673759 0.1646794502369668 0.6772097092198581 0.17113370142180095 0.6906640478723404 0.17813470379146917 0.6915877074468085 0.18321352843601896 0.6904573687943263 0.194194154028436 0.6847044645390071 0.2005074431279621 0.6783357854609929 0.20846668720379147 0.6649826542553191 0.21258157345971562 0.647521524822695 0.2091487037914692 0.6416674113475177 0.2021476990521327 0.6407437517730497 0.1911670758293839 0.6464966560283688 0.1860882511848341 0.647626994680851 0.1723624691943128 0.6548181258865249
2 0.496866144549763 0.6256146684397164 0.5085344834123223 0.6271541028368794 0.5081229928909953 0.6289002145390071 0.522125 0.6307475354609928 0.5217135118483412 0.6324936489361702 0.5287145142180095 0.633417310283688 0.5283030260663507 0.6351634219858155 0.535304028436019 0.6360870833333333 0.5348925402843602 0.6378331968085107 0.5418935426540284 0.6387568563829787 0.5414820545023696 0.640502969858156 0.5519159265402844 0.6472807429078015 0.5589169312796208 0.6482044042553192 0.5585054407582939 0.6499505159574468 0.5631727772511848 0.6505662907801419 0.5644072417061612 0.6453279521276596 0.5628965521327014 0.6415278386524823 0.5490298104265403 0.6288959521276596 0.5475191184834123 0.6250958386524823 0.5432632725118484 0.6227339521276596 0.5339286018957345 0.6215024060283688 0.5343400900473934 0.6197562925531915 0.49000040521327015 0.6139064414893617 0.4895889170616114 0.6156525549645391 0.496866144549763 0.6256146684397164
2 0.5751173388625592 0.6611441773049646 0.5722369194312796 0.6733669680851064 0.5780034573459716 0.6795289680851064 0.5943391303317536 0.6816841755319148 0.5998294431279622 0.6788077234042553 0.6010639099526066 0.673569384751773 0.5987302417061612 0.6732614964539008 0.6003761966824644 0.6662770443262411 0.5988655047393364 0.6624769326241136 0.5950211469194313 0.6583689326241136 0.5856864763033175 0.6571373847517731 0.5806076516587677 0.6582677234042553 0.5751173388625592 0.6611441773049646
2 0.5968137606635071 0.7018150797872341 0.6119149668246445 0.7092086258865249 0.618915971563981 0.7101322872340425 0.6216611255924172 0.7086940602836879 0.6233070805687204 0.7017096081560285 0.6213849028436018 0.6996556081560285 0.6073828957345971 0.6978082872340425 0.6069714075829383 0.6995544007092198 0.5976367369668246 0.6983228528368794 0.5968137606635071 0.7018150797872341
2 0.5184329976303318 0.7076777180851064 0.5207666658767772 0.7079856046099291 0.5195321990521328 0.7132239432624113 0.5263979383886256 0.7249321684397163 0.5344981421800947 0.731402054964539 0.5414991469194312 0.7323257163120567 0.5410876587677725 0.734071829787234 0.5485001492890995 0.7332493776595744 0.5516567938388626 0.7300650372340426 0.5541257251184835 0.719588359929078 0.5516510971563982 0.6994574556737589 0.5416287132701422 0.6909335691489361 0.5252930402843602 0.6887783617021277 0.5224126184834124 0.7010011524822695 0.5200789526066351 0.7006932659574469 0.5184329976303318 0.7076777180851064
2 0.4345619218009479 0.7164168085106383 0.4360726137440758 0.7202169219858156 0.44650648578199054 0.726994695035461 0.45350748815165876 0.727918354609929 0.453096 0.7296644680851063 0.5016915331753554 0.7378762056737588 0.5095155118483412 0.735307640070922 0.5126721563981043 0.7321232996453901 0.5143181113744076 0.7251388475177305 0.5108852417061611 0.7192847358156028 0.502785037914692 0.7128148492907802 0.49578403317535547 0.7118911879432623 0.49619552369668246 0.7101450744680851 0.4705251777251185 0.7067583209219859 0.46228970853080564 0.7110729982269504 0.43661936492890996 0.7076862429078015 0.4345619218009479 0.7164168085106383
2 0.5592102464454977 0.7490656028368795 0.5587987582938388 0.7508117145390071 0.5630546042654029 0.7531736010638298 0.5887249502369668 0.7565603563829787 0.5891364383886256 0.7548142446808511 0.5961374407582938 0.7557379042553192 0.5969604170616114 0.7522456790780142 0.5907823909952606 0.7478297925531915 0.5861150568720379 0.7472140177304964 0.5857035687203792 0.7489601312056738 0.5670342274881517 0.7464970372340426 0.5592102464454977 0.7490656028368795
2 0.5165222132701421 0.7668388829787235 0.5156992345971564 0.7703311081560283 0.5180329028436019 0.7706389946808511 0.5167984383886256 0.7758773333333333 0.5210542843601895 0.7782392216312056 0.5303889549763033 0.7794707677304964 0.5299774668246445 0.7812168812056737 0.5439794715639811 0.7830642021276596 0.5572937654028436 0.7776191843971632 0.5604504099526066 0.7744348457446808 0.5612733862559242 0.7709426187943262 0.5555068483412322 0.7647806187943262 0.548505845971564 0.7638569592198581 0.5489173341232227 0.7621108457446808 0.5294250165876777 0.7631399769503546 0.5165222132701421 0.7668388829787235
2 0.4441842132701422 0.7879019716312057 0.44253825829383886 0.7948864237588652 0.44487192654028435 0.7951943120567376 0.443225971563981 0.8021787641843972 0.4447366611374407 0.8059788758865248 0.4485810213270142 0.8100868758865248 0.45709271327014217 0.8148106489361702 0.47109472037914696 0.8166579698581561 0.47068323222748815 0.8184040833333334 0.4776842345971564 0.819327744680851 0.4780957227488152 0.8175816312056737 0.4850967251184834 0.8185052907801418 0.48784188151658764 0.8170670656028369 0.48303358530805685 0.796628274822695 0.47534486966824646 0.7884122748226949 0.4710890213270142 0.7860503882978723 0.4524196800947868 0.7835872943262412 0.4473408578199052 0.7847176329787233 0.4441842132701422 0.7879019716312057
2 0.37773092180094786 0.71251975 0.37141763270142175 0.7188884290780142 0.36936018957345973 0.7276189946808511 0.3670265213270142 0.7273111081560284 0.36455759004739335 0.7377877854609929 0.3668912582938389 0.7380956719858156 0.3656567914691943 0.7433340124113476 0.3740332203791469 0.7588423492907801 0.3825449146919431 0.7635661241134752 0.38721225118483416 0.7641818971631206 0.38762373933649286 0.7624357836879433 0.4016257440758294 0.7642831046099291 0.40437090047393365 0.7628448794326241 0.4076628104265403 0.7488759751773049 0.4053291421800948 0.7485680886524823 0.4073865853080568 0.7398375230496455 0.4050529170616114 0.7395296365248227 0.4062873838862559 0.7342912960992908 0.3929673933649289 0.7091287322695036 0.3832212345971564 0.7096432978723404 0.37773092180094786 0.71251975
2 0.3082733412322275 0.72136004964539 0.32722460426540284 0.7634691790780141 0.3391691682464455 0.7740470638297873 0.3438365023696683 0.7746628386524822 0.3469931469194313 0.7714784982269504 0.3494620781990521 0.7610018209219858 0.3489096303317536 0.7429249166666667 0.3424553791469194 0.7294705780141844 0.3228220995260664 0.7106766914893617 0.32048843127962084 0.710368804964539 0.309507808056872 0.7161217109929078 0.3082733412322275 0.72136004964539
2 0.3935924360189574 0.3797376684397163 0.40718295497630336 0.3833311010638298 0.40759444312796206 0.3815849893617021 0.4169291137440758 0.3828165354609929 0.41734060189573463 0.38107042375886524 0.42434160426540285 0.38199408333333335 0.42708676066350715 0.3805558581560283 0.4287327156398104 0.3735714060283688 0.4244768696682465 0.37120951773049643 0.38947185308056875 0.3665912163120567 0.38782590047393367 0.3735756684397163 0.3935924360189574 0.3797376684397163
2 0.15635852369668246 0.2224106560283688 0.1592389431279621 0.21018786347517732 0.15155022748815167 0.20197186524822694 0.15168549052132704 0.19118729964539008 0.13589656872037914 0.17650141312056739 0.11228366824644549 0.16438409397163123 0.07334766587677725 0.15602539361702128 0.05903219431279621 0.2167717464539007 0.14071056398104265 0.22754778723404254 0.15635852369668246 0.2224106560283688
2 0.14468448815165877 0.19026363829787232 0.1748869028436019 0.20505073226950354 0.1865552417061611 0.20659016666666666 0.20618282464454976 0.19477647163120568 0.20316144312796208 0.18717624468085106 0.17268280331753552 0.1633506985815603 0.09758825118483413 0.1246368510638298 0.08189267061611374 0.11976546631205674 0.07562890047393366 0.1463451879432624 0.09374959004739337 0.15113643262411347 0.14468448815165877 0.19026363829787232