2 0.30625 0.790625 0.3145833333333333 0.784375 0.35625 0.7046875 0.35833333333333334 0.684375 0.3645833333333333 0.6703125 0.3625 0.6609375 0.35833333333333334 0.6578125 0.3541666666666667 0.6578125 0.3458333333333333 0.665625 0.31666666666666665 0.7359375 0.3 0.765625 0.29791666666666666 0.790625 0.30625 0.790625
2 0.24375 0.8609375 0.24375 0.878125 0.25 0.878125 0.25833333333333336 0.871875 0.26458333333333334 0.8625 0.26458333333333334 0.85625 0.26666666666666666 0.85625 0.26875 0.821875 0.26458333333333334 0.821875 0.2604166666666667 0.825 0.2604166666666667 0.83125 0.25833333333333336 0.83125 0.24791666666666667 0.8484375 0.24791666666666667 0.853125 0.24583333333333332 0.853125 0.24583333333333332 0.8609375 0.24375 0.8609375
2 0.2375 0.925 0.2375 0.93125 0.23958333333333334 0.93125 0.23958333333333334 0.9359375 0.24583333333333332 0.9359375 0.25 0.93125 0.25 0.925 0.2520833333333333 0.925 0.26458333333333334 0.9046875 0.26458333333333334 0.9 0.26666666666666666 0.9 0.26666666666666666 0.8921875 0.2625 0.8890625 0.25416666666666665 0.8921875 0.24375 0.90625 0.24375 0.9109375 0.24166666666666667 0.9109375 0.24166666666666667 0.9171875 0.23958333333333334 0.9171875 0.23958333333333334 0.925 0.2375 0.925
2 0.28125 0.721875 0.2833333333333333 0.7578125 0.2916666666666667 0.7578125 0.2916666666666667 0.75625 0.3020833333333333 0.75625 0.30625 0.753125 0.3104166666666667 0.746875 0.3104166666666667 0.7390625 0.3125 0.7390625 0.3125 0.7203125 0.3104166666666667 0.71875 0.30625 0.71875 0.29791666666666666 0.721875 0.29375 0.721875 0.29375 0.709375 0.2875 0.709375 0.2833333333333333 0.715625 0.2833333333333333 0.721875 0.28125 0.721875
2 0.36041666666666666 0.7328125 0.37083333333333335 0.71875 0.40208333333333335 0.6625 0.40208333333333335 0.6578125 0.4041666666666667 0.6578125 0.4041666666666667 0.653125 0.40625 0.653125 0.40625 0.6484375 0.4125 0.6390625 0.41041666666666665 0.6296875 0.40208333333333335 0.63125 0.3854166666666667 0.65 0.38125 0.6640625 0.37916666666666665 0.6640625 0.35833333333333334 0.7078125 0.35833333333333334 0.7140625 0.35625 0.7140625 0.35208333333333336 0.73125 0.36041666666666666 0.7328125
2 0.36666666666666664 0.6125 0.3645833333333333 0.6203125 0.3625 0.6203125 0.3625 0.640625 0.3645833333333333 0.640625 0.3645833333333333 0.65 0.36666666666666664 0.6515625 0.36875 0.6515625 0.38125 0.6421875 0.39166666666666666 0.63125 0.40625 0.60625 0.40625 0.596875 0.4041666666666667 0.596875 0.4041666666666667 0.590625 0.4 0.584375 0.39375 0.584375 0.3875 0.5875 0.3729166666666667 0.5984375 0.36875 0.6046875 0.36875 0.6125 0.36666666666666664 0.6125
2 0.32916666666666666 0.6203125 0.32916666666666666 0.625 0.32708333333333334 0.625 0.32708333333333334 0.63125 0.325 0.63125 0.325 0.64375 0.32708333333333334 0.64375 0.32708333333333334 0.6484375 0.3333333333333333 0.646875 0.3375 0.64375 0.34791666666666665 0.628125 0.34791666666666665 0.621875 0.35 0.621875 0.35 0.6125 0.35208333333333336 0.6125 0.3541666666666667 0.5953125 0.3541666666666667 0.5875 0.35208333333333336 0.584375 0.34791666666666665 0.584375 0.34375 0.590625 0.3375 0.5953125 0.3333333333333333 0.6046875 0.33125 0.6203125 0.32916666666666666 0.6203125
2 0.35833333333333334 0.5546875 0.35833333333333334 0.571875 0.36041666666666666 0.571875 0.36041666666666666 0.5703125 0.37916666666666665 0.5703125 0.39166666666666666 0.565625 0.39791666666666664 0.5609375 0.4041666666666667 0.5484375 0.4041666666666667 0.54375 0.40625 0.54375 0.40625 0.5359375 0.4041666666666667 0.5359375 0.40625 0.5015625 0.39791666666666664 0.5015625 0.37916666666666665 0.515625 0.3645833333333333 0.5359375 0.3625 0.546875 0.36041666666666666 0.546875 0.36041666666666666 0.5546875 0.35833333333333334 0.5546875
2 0.4125 0.5546875 0.4125 0.56875 0.41458333333333336 0.56875 0.41458333333333336 0.575 0.4166666666666667 0.578125 0.41875 0.578125 0.4270833333333333 0.5734375 0.42916666666666664 0.5703125 0.42916666666666664 0.5640625 0.43125 0.5640625 0.43125 0.55625 0.42916666666666664 0.55625 0.42916666666666664 0.54375 0.42083333333333334 0.54375 0.41458333333333336 0.55 0.41458333333333336 0.5546875 0.4125 0.5546875
2 0.4125 0.534375 0.425 0.534375 0.4354166666666667 0.528125 0.4354166666666667 0.5234375 0.4375 0.5234375 0.4395833333333333 0.5140625 0.44166666666666665 0.5140625 0.4479166666666667 0.50625 0.4479166666666667 0.5015625 0.45 0.5015625 0.45 0.4921875 0.4479166666666667 0.4890625 0.4395833333333333 0.4875 0.43125 0.490625 0.43125 0.4921875 0.42083333333333334 0.4921875 0.41875 0.4953125 0.41875 0.503125 0.4166666666666667 0.503125 0.4125 0.521875 0.4125 0.534375
2 0.47291666666666665 0.496875 0.48125 0.4953125 0.56875 0.428125 0.5875 0.4125 0.5916666666666667 0.4046875 0.56875 0.4109375 0.5354166666666667 0.428125 0.5291666666666667 0.434375 0.50625 0.4390625 0.4979166666666667 0.446875 0.49583333333333335 0.46875 0.4895833333333333 0.4734375 0.4791666666666667 0.4734375 0.4666666666666667 0.4796875 0.4625 0.4921875 0.47291666666666665 0.496875
2 0.45208333333333334 0.4640625 0.475 0.4453125 0.4875 0.4265625 0.49375 0.4125 0.49375 0.4015625 0.4895833333333333 0.396875 0.49166666666666664 0.3875 0.5104166666666666 0.359375 0.5083333333333333 0.3484375 0.49583333333333335 0.3484375 0.48541666666666666 0.35625 0.48333333333333334 0.365625 0.4666666666666667 0.3875 0.44375 0.4390625 0.44375 0.4609375 0.45208333333333334 0.4640625
2 0.50625 0.3609375 0.5041666666666667 0.3734375 0.5083333333333333 0.3765625 0.5125 0.3765625 0.5166666666666667 0.3734375 0.525 0.3609375 0.525 0.35625 0.5270833333333333 0.35625 0.5416666666666666 0.346875 0.5416666666666666 0.3421875 0.525 0.3421875 0.525 0.340625 0.5166666666666667 0.340625 0.5125 0.3421875 0.5083333333333333 0.346875 0.5083333333333333 0.3609375 0.50625 0.3609375
2 0.49166666666666664 0.325 0.49583333333333335 0.3375 0.5104166666666666 0.3375 0.5229166666666667 0.328125 0.5354166666666667 0.3109375 0.54375 0.2734375 0.55625 0.259375 0.5604166666666667 0.2484375 0.56875 0.209375 0.575 0.1984375 0.5729166666666666 0.1921875 0.5645833333333333 0.190625 0.5479166666666667 0.209375 0.5354166666666667 0.24375 0.5104166666666666 0.28125 0.5083333333333333 0.3015625 0.49166666666666664 0.325
2 0.5708333333333333 0.3234375 0.5770833333333333 0.3234375 0.5770833333333333 0.321875 0.5854166666666667 0.321875 0.5854166666666667 0.3203125 0.5916666666666667 0.3203125 0.6020833333333333 0.315625 0.6020833333333333 0.3140625 0.6208333333333333 0.3140625 0.6270833333333333 0.3109375 0.6270833333333333 0.30625 0.6166666666666667 0.3015625 0.6083333333333333 0.3015625 0.6083333333333333 0.3 0.5916666666666667 0.3 0.5916666666666667 0.2953125 0.5895833333333333 0.2921875 0.5854166666666667 0.2921875 0.5854166666666667 0.29375 0.5791666666666667 0.29375 0.575 0.2953125 0.5666666666666667 0.303125 0.5645833333333333 0.315625 0.5708333333333333 0.3234375
2 0.56875 0.25625 0.5583333333333333 0.271875 0.5583333333333333 0.2765625 0.5604166666666667 0.278125 0.56875 0.278125 0.5708333333333333 0.2765625 0.6041666666666666 0.2421875 0.6145833333333334 0.2328125 0.6229166666666667 0.228125 0.625 0.225 0.625 0.21875 0.61875 0.2140625 0.6104166666666667 0.215625 0.59375 0.234375 0.5708333333333333 0.25 0.5708333333333333 0.25625 0.56875 0.25625
2 0.6416666666666667 0.196875 0.6666666666666666 0.1921875 0.6770833333333334 0.184375 0.6875 0.1796875 0.6875 0.178125 0.6958333333333333 0.178125 0.7041666666666667 0.171875 0.7041666666666667 0.1671875 0.70625 0.1671875 0.70625 0.1640625 0.69375 0.159375 0.6854166666666667 0.159375 0.68125 0.1609375 0.6770833333333334 0.1640625 0.6729166666666667 0.1703125 0.6583333333333333 0.178125 0.6458333333333334 0.1875 0.6416666666666667 0.1921875 0.6416666666666667 0.196875
2 0.675 0.13125 0.6770833333333334 0.146875 0.6875 0.146875 0.7 0.1421875 0.7083333333333334 0.1359375 0.7104166666666667 0.128125 0.7125 0.128125 0.7125 0.090625 0.7104166666666667 0.075 0.7083333333333334 0.075 0.7083333333333334 0.0765625 0.7020833333333333 0.0765625 0.69375 0.084375 0.6770833333333334 0.11875 0.6770833333333334 0.13125 0.675 0.13125
2 0.22916666666666666 0.6171875 0.22916666666666666 0.6234375 0.23125 0.6234375 0.23125 0.628125 0.23333333333333334 0.628125 0.23333333333333334 0.6328125 0.23541666666666666 0.6328125 0.23541666666666666 0.640625 0.2375 0.6421875 0.24166666666666667 0.6421875 0.24375 0.640625 0.24791666666666667 0.6296875 0.24791666666666667 0.5984375 0.24583333333333332 0.5984375 0.24583333333333332 0.59375 0.24375 0.5921875 0.24166666666666667 0.5921875 0.2375 0.5953125 0.23333333333333334 0.6 0.23333333333333334 0.6046875 0.23125 0.6046875 0.22708333333333333 0.6171875 0.22916666666666666 0.6171875
2 0.26875 0.5046875 0.26875 0.521875 0.27291666666666664 0.5234375 0.27291666666666664 0.5296875 0.275 0.5328125 0.2791666666666667 0.5359375 0.2833333333333333 0.5359375 0.2875 0.5296875 0.2875 0.5171875 0.28958333333333336 0.5171875 0.28958333333333336 0.5078125 0.2875 0.5078125 0.2875 0.503125 0.2833333333333333 0.5015625 0.2833333333333333 0.490625 0.2791666666666667 0.490625 0.275 0.49375 0.2708333333333333 0.5 0.2708333333333333 0.5046875 0.26875 0.5046875