2 0.7525977675438597 0.6721741704918033 0.7036705921052632 0.7010484426229509 0.6350095789473684 0.7296652196721312 0.6060076030701754 0.7506015114754098 0.5552705043859649 0.7630562278688524 0.46883866885964914 0.8012786868852458 0.4247943355263158 0.8089019508196721 0.41363972807017546 0.8169543704918033 0.413257 0.8333453163934427 0.41972012719298246 0.838348431147541 0.4416848837719298 0.8369954426229509 0.5990852017543861 0.765267531147541 0.6829799342105263 0.7417683114754099 0.6986729298245614 0.7272167344262296 0.804915149122807 0.6859735786885246 0.9347406820175439 0.6679924639344261 0.9373926030701755 0.6483519393442623 0.7525977675438597 0.6721741704918033
2 0 0.9424473622950819 0.04263396271929824 0.9252453327868851 0.06074924342105263 0.9008877983606558 0.056593583333333336 0.8909960098360655 0 0.9078439491803278 0 0.9424473622950819
2 0.18075971929824564 0.8335907918032787 0.1497947302631579 0.8446639081967214 0.12506323245614037 0.8705747049180328 0.12029520614035087 0.8869084295081967 0.13337455263157894 0.8903582819672131 0.17987944298245614 0.8712899672131148 0.22442132236842105 0.842358475409836 0.22465096052631578 0.8325239081967213 0.18075971929824564 0.8335907918032787
2 0.2743929649122807 0.8626856524590164 0.24361933991228069 0.865563293442623 0.18803767105263158 0.8976299229508197 0.22088912719298245 0.899698175409836 0.2672026535087719 0.8888253344262295 0.2960132653508772 0.8760845131147541 0.29401198245614035 0.867860431147541 0.2743929649122807 0.8626856524590164
2 0.8642858267543859 0.4916365868852459 0.8466680921052632 0.4946858918032787 0.8153203771929824 0.5221499524590163 0.7977409166666667 0.5235601639344262 0.5467567236842106 0.6580111213114753 0.5021765701754386 0.6885817081967214 0.463944725877193 0.7290726950819673 0.39959246491228073 0.7610248819672132 0.37455478508771933 0.8000484360655737 0.3963664495614035 0.805251824590164 0.4537963114035088 0.7879656573770492 0.4961072697368421 0.7606446491803279 0.5008370219298246 0.7459500180327869 0.5563804166666667 0.7155224836065573 0.6590793421052632 0.6381620278688525 0.7032767653508772 0.6239823868852459 0.7366640394736843 0.6031033147540983 0.8582930701754387 0.560421337704918 0.874215701754386 0.536035193442623 0.856942423245614 0.5243326475409836 0.8770589890350877 0.5081991950819672 0.8773268991228069 0.4967255327868852 0.8642858267543859 0.4916365868852459
2 0.8770861644736843 0.4131031 0.8145055504385965 0.46311393770491804 0.7947334407894737 0.4644955377049181 0.7365763969298245 0.5129245016393442 0.7278058026315789 0.5128100590163934 0.6964580855263157 0.5402741213114753 0.6653782785087718 0.5562645196721311 0.6426480657894738 0.5903994 0.6468802719298246 0.597013 0.7202710372807019 0.5537015934426229 0.7539644934210527 0.5197097639344262 0.8694748530701754 0.4572728213114754 0.8964755438596491 0.4281124442622951 0.8945890789473684 0.4149710786885246 0.8770861644736843 0.4131031
2 0.9233836140350877 0.5907833557377049 0.8992644802631579 0.5904686409836066 0.8944964561403509 0.6068023655737705 0.805795423245614 0.6482744032786885 0.6560064188596492 0.6758325918032787 0.6491988355263159 0.6855813278688525 0.6532779495614035 0.698751306557377 0.6729352412280702 0.7022869901639344 0.7567535701754387 0.669660793442623 0.875960173245614 0.6491899393442623 0.9496953947368422 0.5911266819672131 0.9477323837719299 0.5812635032786886 0.9233836140350877 0.5907833557377049
2 0.9154550219298246 0.5546088327868853 0.8624487302631578 0.5703131262295082 0.8362134956140351 0.5666916114754099 0.8184809429824561 0.5746582 0.7628610021929825 0.608363924590164 0.7314750131578948 0.6374670786885246 0.7312836491228071 0.6456625524590164 0.7663277521929824 0.6477594147540984 0.7951000921052632 0.6366576901639345 0.8089448925438597 0.607325650819672 0.8570683399122807 0.6128723655737706 0.8795306447368421 0.5902111459016394 0.9482299298245614 0.5599552737704918 0.951264581140351 0.5239238032786886 0.9154550219298246 0.5546088327868853
2 0.8915389736842105 1 0.8746539188596492 0.9869292557377048 0.848571774122807 0.9767513622950819 0.8247205504385965 0.9649629852459016 0.818142605263158 0.9648771524590164 0.8181808771929825 0.9632380590163934 0.8137955811403509 0.963180837704918 0.8093720109649123 0.9647627114754099 0.8092954649122807 0.9680409 0.8136042171052631 0.9713763098360655 0.8482273179824561 0.9915032131147541 0.8669536820175439 1 0.8915389736842105 1
2 0.825562552631579 0.9289029032786885 0.8189080614035088 0.9320952606557378 0.8121387521929824 0.9402049032786886 0.8120239342105263 0.945122186885246 0.820756254385965 0.9468757229508197 0.820794528508772 0.9452366278688524 0.8295651206140351 0.9453510704918033 0.8384122609649123 0.9421873229508198 0.840681456140351 0.938937744262295 0.840796274122807 0.9340204606557377 0.8343331469298245 0.9290173459016394 0.825562552631579 0.9289029032786885
2 0.6405380811403509 0.9625597016393443 0.6361527828947369 0.9625024819672132 0.6338835899122808 0.9657520606557376 0.6337687719298245 0.970669344262295 0.6315761228070176 0.9706407327868853 0.6314230307017543 0.9771971114754099 0.6356552368421052 0.9838107114754099 0.6421183640350877 0.9888138262295082 0.6486963092105263 0.9888996573770492 0.6490407653508772 0.974147806557377 0.6468481162280701 0.9741191950819672 0.6469629342105264 0.9692019114754098 0.6405380811403509 0.9625597016393443
2 0.6284155570175439 0.9181324852459017 0.6196449627192983 0.918018044262295 0.6194535986842106 0.9262135163934425 0.6301489298245614 0.937830231147541 0.6366886030701754 0.9395551573770492 0.6411504451754386 0.9363341885245902 0.6411887192982456 0.9346950950819671 0.6327243070175439 0.9214678950819672 0.6284155570175439 0.9181324852459017
2 0.8141672127192983 0.8533328901639344 0.7986273092105264 0.8613280885245901 0.7897036228070176 0.8677700262295082 0.7851652346491228 0.8742691836065575 0.7850504166666666 0.8791864672131149 0.7982063070175439 0.8793581295081967 0.8159771315789474 0.8697524459016394 0.8359023333333334 0.8618144672131147 0.8404407214912281 0.8553153098360656 0.8406320855263159 0.847119837704918 0.8318614912280702 0.8470053950819671 0.8141672127192983 0.8533328901639344
2 0.8431037412280702 0.9291317868852459 0.8321404978070176 0.9289887344262295 0.8098695592105263 0.9434544819672132 0.8097930131578948 0.9467326704918033 0.825141552631579 0.9469329442622951 0.8251798245614035 0.9452938491803278 0.8317577697368421 0.9453796803278688 0.8406049100877193 0.9422159344262294 0.8495285942982457 0.9357739967213115 0.8496051403508772 0.9324958081967214 0.8474507653508772 0.9308281032786886 0.8431037412280702 0.9291317868852459
2 0.9884011754385965 1 0.988697153508772 0.9873242721311475 0.9842097960526316 0.9916379704918034 0.9783705570175438 1 0.9884011754385965 1
2 0.952012822368421 0.022217809836065572 0.9563598464912281 0.023914124590163937 0.9673230877192983 0.02405717704918033 0.9695540087719298 0.02244669344262295 0.9698219188596491 0.010973031147540984 0.9655514407894736 0.005998526229508197 0.9392396600877193 0.0056552 0.9433953179824561 0.015546988524590164 0.952012822368421 0.022217809836065572
2 0.957951225877193 0.14362525081967212 0.9535659298245613 0.14356802950819672 0.9513350087719298 0.1451785131147541 0.9512201907894737 0.1500957967213115 0.9490275416666666 0.1500671868852459 0.9489509956140351 0.15334537540983606 0.9511436447368421 0.1533739868852459 0.951028826754386 0.15829127049180328 0.9618389758771929 0.16499070163934426 0.9749948684210527 0.16516236393442624 0.9794184364035088 0.16358049016393442 0.9795715285087719 0.15702411147540982 0.9666452741228071 0.14701788196721313 0.957951225877193 0.14362525081967212
2 0.8427248552631579 0.0060354327868852465 0.8339542609649123 0.005920990163934426 0.8339159868421053 0.00756008524590164 0.818567447368421 0.0073598114754098365 0.8163365263157895 0.008970296721311475 0.8161834364035088 0.015526673770491804 0.8226848355263159 0.018890695081967213 0.840226024122807 0.01911957868852459 0.8402642960526316 0.01748048524590164 0.8468422412280702 0.017566316393442624 0.8512658114035088 0.01598444262295082 0.8513806293859648 0.011067159016393442 0.8470718793859648 0.0077317491803278685 0.8427248552631579 0.0060354327868852465
2 0.9169304473684211 0.021760040983606555 0.9059672039473684 0.021616988524590163 0.8993127127192982 0.024809345901639343 0.8992744407894737 0.026448440983606554 0.9056992938596491 0.03309065081967213 0.910046317982456 0.03478696557377049 0.9188169122807017 0.034901408196721315 0.9187786403508772 0.036540503278688526 0.9253565855263158 0.036626334426229507 0.929818427631579 0.03340536557377049 0.929933245614035 0.028488081967213114 0.9256244934210526 0.02515267213114754 0.9169304473684211 0.021760040983606555
2 0.5655769912280701 0.4155967868852459 0.5588842280701755 0.4204282393442623 0.5586545921052631 0.43026280655737703 0.5629633421052631 0.43359821639344265 0.5717339364035088 0.4337126590163935 0.5784266995614036 0.428881206557377 0.5829650877192983 0.4223820491803279 0.5830799057017544 0.4174647655737705 0.5852725548245613 0.4174933754098361 0.585349100877193 0.4142151868852459 0.583194725877193 0.41254748032786887 0.5655769912280701 0.4155967868852459
2 0.5781587894736842 0.440354868852459 0.5737734934210527 0.4402976475409836 0.5734290372807017 0.4550494983606557 0.5756216864035089 0.4550781081967213 0.5754685942982456 0.4616344868852459 0.5776612434210526 0.4616630983606557 0.5775464254385966 0.46658038196721313 0.579662528508772 0.4698871803278688 0.5840478245614035 0.46994440163934426 0.5842391885964913 0.46174892950819674 0.5864318377192982 0.4617775393442623 0.5866997478070175 0.4503038770491803 0.5845070986842105 0.4502752672131147 0.5846219166666667 0.4453579836065574 0.5781587894736842 0.440354868852459
2 0 0.9000951196721312 0.005933032894736842 0.9001725360655737 0.005971304824561404 0.8985334409836067 0.016934546052631578 0.898676493442623 0.017049366228070177 0.8937592098360656 0.019242013157894734 0.8937878196721311 0.019280287280701754 0.8921487262295082 0.017125910087719298 0.8904810196721312 0.006162668859649122 0.8903379672131149 0.006200940789473684 0.8886988737704918 0 0.8886179606557377 0 0.9000951196721312
2 0 0.8755012098360656 0.004314475877192982 0.875557506557377 0.010968967105263157 0.8723651491803279 0.011007239035087718 0.8707260540983606 0.006698489035087719 0.8673906442622951 0.0023514649122807017 0.8656943278688525 0 0.8655282049180328 0 0.8755012098360656
2 0.29834676973684215 0.11862254262295083 0.2917688245614035 0.11853671147540984 0.28949963157894737 0.12178629016393443 0.289193447368421 0.1348990475409836 0.3036999846491228 0.17115940163934426 0.3058926337719298 0.17118801147540985 0.3057395416666666 0.17774439016393442 0.3079321907894737 0.177773 0.30781737280701754 0.18269028524590164 0.312087850877193 0.18766478852459018 0.3164731469298246 0.18772200983606557 0.32089671710526313 0.18614013606557378 0.32127944517543855 0.16974919016393442 0.31908679824561403 0.16972058032786885 0.3192016162280702 0.16480329672131147 0.3170089671052631 0.1647746868852459 0.31712378508771927 0.15985740163934425 0.30257897587719296 0.12523614262295082 0.300386326754386 0.12520753278688523 0.30050114473684214 0.12029024918032788 0.29834676973684215 0.11862254262295083
2 0.3043999934210526 0.23511269999999998 0.30455308552631577 0.22855632295081965 0.29816650438596487 0.2202750180327869 0.2918947412280702 0.2070764295081967 0.28531679605263155 0.20699059836065573 0.28308587500000004 0.20860108196721314 0.28293278289473683 0.2151574606557377 0.28074013377192986 0.21512885081967215 0.27847094078947365 0.21837842950819675 0.2782413026315789 0.22821299672131146 0.2993257850877193 0.2645591819672131 0.3037493552631579 0.2629773081967213 0.3082877434210526 0.2564781508196721 0.3085173815789474 0.24664358360655736 0.30632473245614034 0.24661497377049182 0.30659264254385965 0.23514131147540987 0.3043999934210526 0.23511269999999998
2 0.33272415789473686 0.3371371114754098 0.3261462127192982 0.33705128032786885 0.3259548464912281 0.34524675245901637 0.32814749561403506 0.34527536393442626 0.32799440570175437 0.35183174262295086 0.34065274780701754 0.3733116344262295 0.3492319780701755 0.38162154918032787 0.3557333771929824 0.38498557049180326 0.3601186754385965 0.3850427918032787 0.36234959649122805 0.38343230655737703 0.3625409605263158 0.37523683442622946 0.3456121381578947 0.34878243606557374 0.33272415789473686 0.3371371114754098
2 0.3844230548245614 0.0016949327868852459 0.37549936842105264 0.008136868852459017 0.3813118574561404 0.04100459180327869 0.39673694298245615 0.03792667704918033 0.399695048245614 0.005173395081967213 0.3844230548245614 0.0016949327868852459
2 0.2846822346491228 0.04630210819672131 0.2756437324561403 0.057661327868852454 0.27726228728070174 0.08227635737704918 0.28603288157894735 0.0823908 0.2928404627192982 0.07264206393442622 0.2889909868421052 0.04963751803278688 0.2846822346491228 0.04630210819672131