2 0.3145833333333333 0.91875 0.31666666666666665 0.91875 0.31875 0.915625 0.33541666666666664 0.9109375 0.3375 0.909375 0.3375 0.9046875 0.33958333333333335 0.9046875 0.33958333333333335 0.8921875 0.3416666666666667 0.8921875 0.3416666666666667 0.884375 0.34375 0.884375 0.34375 0.878125 0.3333333333333333 0.8671875 0.32708333333333334 0.8640625 0.31875 0.8640625 0.31666666666666665 0.865625 0.31666666666666665 0.878125 0.3145833333333333 0.878125 0.3125 0.915625 0.3145833333333333 0.91875
2 0.3229166666666667 0.865625 0.33125 0.871875 0.33958333333333335 0.8734375 0.34375 0.86875 0.34791666666666665 0.853125 0.35208333333333336 0.8234375 0.32708333333333334 0.8234375 0.3229166666666667 0.8265625 0.3229166666666667 0.865625
2 0.32708333333333334 0.815625 0.33125 0.8203125 0.3375 0.8203125 0.3375 0.821875 0.33958333333333335 0.821875 0.33958333333333335 0.8203125 0.35 0.8203125 0.3541666666666667 0.81875 0.36041666666666666 0.8125 0.36041666666666666 0.78125 0.35833333333333334 0.78125 0.35833333333333334 0.76875 0.3541666666666667 0.765625 0.3458333333333333 0.765625 0.33125 0.771875 0.32708333333333334 0.778125 0.32708333333333334 0.815625
2 0.29791666666666666 0.784375 0.29791666666666666 0.8203125 0.3 0.8203125 0.3 0.8265625 0.30625 0.8265625 0.30625 0.825 0.3125 0.825 0.3229166666666667 0.821875 0.3229166666666667 0.8203125 0.32916666666666666 0.8203125 0.32916666666666666 0.80234375 0.3333333333333333 0.7671875 0.32083333333333336 0.7546875 0.3145833333333333 0.7546875 0.3125 0.75625 0.3104166666666667 0.771875 0.30833333333333335 0.771875 0.3 0.7796875 0.3 0.784375 0.29791666666666666 0.784375
2 0.375 0.7875 0.375 0.8125 0.38125 0.81875 0.3854166666666667 0.81875 0.3875 0.8171875 0.4 0.8203125 0.4 0.8140625 0.40208333333333335 0.8140625 0.40208333333333335 0.80625 0.4041666666666667 0.80625 0.4041666666666667 0.796875 0.40625 0.796875 0.40625 0.7765625 0.40208333333333335 0.7734375 0.3875 0.7734375 0.37916666666666665 0.7796875 0.3770833333333333 0.7828125 0.3770833333333333 0.7875 0.375 0.7875
2 0.36875 0.775 0.37916666666666665 0.775 0.38333333333333336 0.7734375 0.38333333333333336 0.76875 0.3875 0.7671875 0.3875 0.7625 0.38958333333333334 0.7625 0.39375 0.753125 0.39375 0.7484375 0.3958333333333333 0.7484375 0.3958333333333333 0.74375 0.39791666666666664 0.74375 0.39791666666666664 0.734375 0.3958333333333333 0.7328125 0.37916666666666665 0.7359375 0.37083333333333335 0.746875 0.3625 0.765625 0.36041666666666666 0.778125 0.36875 0.775
2 0.3458333333333333 0.859375 0.34791666666666665 0.859375 0.34791666666666665 0.8703125 0.35208333333333336 0.8796875 0.36041666666666666 0.8828125 0.36041666666666666 0.878125 0.3625 0.878125 0.3645833333333333 0.875 0.375 0.875 0.37916666666666665 0.8703125 0.37916666666666665 0.865625 0.38125 0.865625 0.3854166666666667 0.85 0.3854166666666667 0.828125 0.38333333333333336 0.825 0.375 0.8203125 0.35833333333333334 0.8203125 0.35208333333333336 0.8234375 0.35 0.8265625 0.35 0.834375 0.34791666666666665 0.834375 0.3458333333333333 0.8546875 0.3458333333333333 0.859375
2 0.35 0.7640625 0.35833333333333334 0.7703125 0.3645833333333333 0.7703125 0.37083333333333335 0.765625 0.375 0.75625 0.38333333333333336 0.7296875 0.38333333333333336 0.725 0.3854166666666667 0.725 0.3854166666666667 0.7203125 0.3875 0.7203125 0.3854166666666667 0.715625 0.38333333333333336 0.7140625 0.375 0.7140625 0.375 0.715625 0.36875 0.715625 0.3645833333333333 0.7171875 0.36041666666666666 0.721875 0.36041666666666666 0.7265625 0.35833333333333334 0.7265625 0.3541666666666667 0.7375 0.35 0.753125 0.35 0.7640625
2 0.3729166666666667 0.7125 0.3729166666666667 0.7203125 0.375 0.7234375 0.3770833333333333 0.7234375 0.3770833333333333 0.721875 0.3854166666666667 0.721875 0.3958333333333333 0.715625 0.40625 0.7046875 0.4166666666666667 0.6859375 0.4166666666666667 0.6734375 0.41458333333333336 0.6703125 0.41041666666666665 0.66875 0.4041666666666667 0.66875 0.4041666666666667 0.6671875 0.39791666666666664 0.6671875 0.39375 0.6703125 0.38333333333333336 0.6859375 0.38333333333333336 0.690625 0.38125 0.690625 0.38125 0.6953125 0.37916666666666665 0.6953125 0.375 0.7046875 0.375 0.7125 0.3729166666666667 0.7125
2 0.32083333333333336 0.66875 0.32083333333333336 0.6890625 0.3229166666666667 0.6921875 0.32708333333333334 0.69375 0.32708333333333334 0.6921875 0.3416666666666667 0.6921875 0.3458333333333333 0.690625 0.3458333333333333 0.6859375 0.34791666666666665 0.6859375 0.34791666666666665 0.6765625 0.35 0.6765625 0.35 0.6546875 0.34791666666666665 0.6546875 0.34791666666666665 0.65 0.3416666666666667 0.6453125 0.3333333333333333 0.6453125 0.32916666666666666 0.6484375 0.32916666666666666 0.653125 0.32708333333333334 0.653125 0.3229166666666667 0.6609375 0.3229166666666667 0.66875 0.32083333333333336 0.66875
2 0.40208333333333335 0.6421875 0.4083333333333333 0.6484375 0.41875 0.6484375 0.42291666666666666 0.6453125 0.42291666666666666 0.640625 0.425 0.640625 0.425 0.628125 0.41875 0.621875 0.4083333333333333 0.621875 0.40208333333333335 0.6265625 0.40208333333333335 0.6421875
2 0.4375 0.646875 0.42916666666666664 0.6609375 0.42916666666666664 0.665625 0.43125 0.6671875 0.44375 0.6671875 0.4479166666666667 0.6640625 0.45416666666666666 0.6546875 0.45416666666666666 0.65 0.45625 0.65 0.46041666666666664 0.640625 0.46458333333333335 0.6296875 0.46458333333333335 0.625 0.4666666666666667 0.625 0.4666666666666667 0.61875 0.4625 0.61875 0.45625 0.621875 0.44583333333333336 0.6328125 0.4395833333333333 0.6421875 0.4395833333333333 0.646875 0.4375 0.646875
2 0.38333333333333336 0.559375 0.38333333333333336 0.5875 0.3854166666666667 0.5875 0.3854166666666667 0.5921875 0.39166666666666666 0.5921875 0.4 0.584375 0.4 0.5703125 0.40208333333333335 0.5703125 0.4083333333333333 0.5421875 0.41041666666666665 0.5421875 0.4125 0.5390625 0.4125 0.5328125 0.41041666666666665 0.53125 0.40208333333333335 0.53125 0.39791666666666664 0.5328125 0.39166666666666666 0.5375 0.3854166666666667 0.55 0.3854166666666667 0.559375 0.38333333333333336 0.559375
2 0.36666666666666664 0.5328125 0.36875 0.5359375 0.3729166666666667 0.5390625 0.375 0.5390625 0.37916666666666665 0.5375 0.39166666666666666 0.528125 0.39166666666666666 0.5234375 0.39375 0.5234375 0.39375 0.503125 0.39166666666666666 0.503125 0.39166666666666666 0.496875 0.38958333333333334 0.496875 0.38958333333333334 0.4921875 0.3854166666666667 0.4859375 0.38125 0.4828125 0.3729166666666667 0.48125 0.36666666666666664 0.51875 0.36666666666666664 0.5328125
2 0.4375 0.5390625 0.4375 0.55625 0.44166666666666665 0.559375 0.45625 0.559375 0.46041666666666664 0.5578125 0.4708333333333333 0.546875 0.4791666666666667 0.5296875 0.4791666666666667 0.525 0.48125 0.525 0.48125 0.503125 0.4791666666666667 0.503125 0.4791666666666667 0.4984375 0.4708333333333333 0.4921875 0.46458333333333335 0.4921875 0.46041666666666664 0.4953125 0.4395833333333333 0.5328125 0.4395833333333333 0.5390625 0.4375 0.5390625
2 0.4125 0.51875 0.41458333333333336 0.521875 0.41875 0.5234375 0.425 0.5171875 0.425 0.5109375 0.4270833333333333 0.5109375 0.4354166666666667 0.4875 0.4354166666666667 0.4796875 0.42916666666666664 0.465625 0.42291666666666666 0.4640625 0.4166666666666667 0.478125 0.4125 0.490625 0.4125 0.51875
2 0.4354166666666667 0.3921875 0.4354166666666667 0.4015625 0.4375 0.4015625 0.4375 0.4078125 0.4395833333333333 0.4078125 0.4395833333333333 0.4203125 0.44375 0.4234375 0.4479166666666667 0.4234375 0.45416666666666666 0.4203125 0.45625 0.4171875 0.45625 0.4125 0.4583333333333333 0.4125 0.4583333333333333 0.390625 0.45625 0.390625 0.45625 0.3859375 0.45416666666666666 0.3828125 0.4479166666666667 0.378125 0.44375 0.378125 0.4375 0.3859375 0.4375 0.3921875 0.4354166666666667 0.3921875
2 0.49375 0.3859375 0.5020833333333333 0.3859375 0.5020833333333333 0.384375 0.5104166666666666 0.384375 0.5145833333333333 0.3828125 0.5166666666666667 0.38125 0.525 0.353125 0.525 0.3453125 0.51875 0.3453125 0.5083333333333333 0.35 0.5041666666666667 0.353125 0.4979166666666667 0.3625 0.49375 0.375 0.49375 0.3859375
2 0.5125 0.3328125 0.5125 0.340625 0.5208333333333334 0.340625 0.525 0.3390625 0.5333333333333333 0.33125 0.5333333333333333 0.3265625 0.5354166666666667 0.3265625 0.5395833333333333 0.31875 0.5395833333333333 0.3140625 0.5416666666666666 0.3140625 0.5416666666666666 0.3046875 0.5375 0.3046875 0.53125 0.309375 0.5291666666666667 0.3125 0.51875 0.3203125 0.5145833333333333 0.3265625 0.5145833333333333 0.3328125 0.5125 0.3328125
2 0.5645833333333333 0.2625 0.5645833333333333 0.2671875 0.5770833333333333 0.278125 0.5833333333333334 0.2796875 0.5895833333333333 0.271875 0.59375 0.2625 0.59375 0.2578125 0.5958333333333333 0.2578125 0.5958333333333333 0.2515625 0.5979166666666667 0.2515625 0.5979166666666667 0.240625 0.5958333333333333 0.2390625 0.5895833333333333 0.2390625 0.5895833333333333 0.240625 0.5833333333333334 0.240625 0.5791666666666667 0.2421875 0.5729166666666666 0.246875 0.56875 0.2515625 0.56875 0.25625 0.5666666666666667 0.25625 0.5666666666666667 0.2625 0.5645833333333333 0.2625