2 0.58763134 0.37964229833333335 0.5964337222222222 0.3805701183333333 0.6039633311111111 0.3763146433333333 0.6055096977777777 0.36806241 0.6033091022222222 0.367830455 0.6054740177777778 0.3562773266666666 0.6032734222222222 0.35604537166666667 0.6045105155555556 0.349443585 0.5991458222222221 0.3421459316666666 0.5950539044444444 0.34003157500000003 0.5903434399999999 0.34121811166666666 0.5841579688888888 0.3742270466666667 0.5857400177777778 0.377759895 0.58763134 0.37964229833333335
2 0.08500325777777779 0.6548564316666666 0.09473346222222222 0.6508329116666667 0.09755260444444444 0.6477639733333334 0.09848042444444445 0.6428126333333334 0.10068102 0.6430445883333333 0.10191811555555555 0.6364428016666667 0.10411871111111111 0.6366747566666667 0.10535580444444444 0.6300729683333334 0.10126388666666666 0.6279586116666667 0.09246150444444445 0.6270307916666666 0.07991215777777777 0.63412325 0.07176400222222222 0.6416796183333333 0.07021763555555556 0.6499318516666667 0.07400028 0.653696655 0.08500325777777779 0.6548564316666666
2 0.5447970111111111 0.45254743166666667 0.5457248333333333 0.4475960916666667 0.5479254288888888 0.44782804666666665 0.5529451666666666 0.4449910633333333 0.5538729866666666 0.44003972333333335 0.5560735822222223 0.4402716783333333 0.5651495577777778 0.42776397000000005 0.5629489622222222 0.427532015 0.5572749955555556 0.42188480833333336 0.562604008888889 0.4173973783333333 0.5673144733333334 0.41621084333333336 0.5654231511111111 0.41432843999999996 0.5632225555555556 0.41409648499999996 0.5575842688888889 0.42023436166666667 0.5525645311111111 0.423071345 0.5466169711111111 0.43085966833333333 0.5422514622222222 0.4421808416666667 0.5444520577777777 0.44241279666666666 0.5425964155555556 0.4523154766666667 0.5397772733333334 0.45538441500000004 0.5419778688888889 0.4556163716666667 0.5447970111111111 0.45254743166666667
2 0.13368995777777778 0.6465239150000001 0.14121956444444445 0.64226844 0.14654857555555556 0.63778101 0.1477856711111111 0.6311792233333333 0.14998626666666667 0.6314111783333333 0.15060481333333334 0.628110285 0.1458943488888889 0.6292968216666667 0.14558507555555555 0.6309472683333333 0.13678269333333332 0.6300194483333333 0.13647341777777777 0.631669895 0.1298716311111111 0.6309740283333333 0.12516116666666666 0.632160565 0.12234202444444445 0.6352295033333333 0.12110492888888888 0.6418312916666666 0.12268697777777778 0.64536414 0.13368995777777778 0.6465239150000001
2 0.43987018000000006 0.5693990466666666 0.440798 0.5644477066666667 0.44299859555555554 0.5646796616666666 0.44547278444444444 0.5514760866666667 0.4435814622222222 0.549593685 0.43918027111111113 0.549129775 0.43165066444444444 0.55338525 0.43072284222222224 0.55833659 0.42852224666666666 0.558104635 0.4254295111111111 0.5746091033333334 0.4298307022222222 0.5750730133333334 0.43987018000000006 0.5693990466666666
2 0.10679513111111111 0.5864654866666666 0.11150559555555556 0.58527895 0.12154507333333334 0.579604985 0.12278216666666666 0.5730031966666667 0.12498276222222222 0.5732351516666666 0.12529203555555557 0.571584705 0.10486812666666667 0.5727980033333334 0.09764779333333333 0.57540303 0.0964107 0.5820048183333334 0.10019334444444444 0.5857696216666667 0.10679513111111111 0.5864654866666666
2 0.1826622222222222 0.42110857166666665 0.1851720911111111 0.41969008 0.19081037555555558 0.41355220333333337 0.19359383777777778 0.39869818333333334 0.19170251555555556 0.39681578 0.18510072888888887 0.39611991500000004 0.18259086 0.3975384066666667 0.18135376444444445 0.40414019333333334 0.17915316888888888 0.40390823833333334 0.17698825555555556 0.41546136666666666 0.17918885111111113 0.41569332166666667 0.17826102888888887 0.42064466166666664 0.1826622222222222 0.42110857166666665
2 0.2610747422222222 0.5774817366666667 0.2736240888888889 0.5703892783333333 0.27393336222222225 0.5687388316666666 0.27015071777777777 0.5649740283333333 0.25914774 0.5638142516666667 0.25883846666666666 0.5654646983333333 0.2522366777777778 0.5647688333333334 0.24721694 0.5676058166666667 0.24659839333333333 0.5709067099999999 0.2487989888888889 0.571138665 0.2478711688888889 0.576090005 0.2610747422222222 0.5774817366666667
2 0.49143552888888886 0.47385156666666667 0.4980373155555556 0.4745474333333333 0.5027477822222223 0.4733608966666667 0.50776752 0.4705239133333333 0.5108959355555556 0.4658045283333333 0.5071132911111111 0.4620397233333334 0.4939097177777778 0.46064799333333334 0.48888998 0.46348497666666666 0.48796215777777774 0.46843631666666663 0.48954420666666665 0.47196916499999997 0.49143552888888886 0.47385156666666667
2 0.42721379111111113 0.5411362566666666 0.4300329333333333 0.5380673183333333 0.4309607555555556 0.5331159783333334 0.4331613511111111 0.5333479333333333 0.4347077177777778 0.5250956999999999 0.43281639555555557 0.5232132966666666 0.4284152044444445 0.5227493866666667 0.4205763244444444 0.5286553083333334 0.4196485022222222 0.5336066483333334 0.4174479066666667 0.5333746933333333 0.4162108133333334 0.5399764816666667 0.41810213555555553 0.5418588833333333 0.42721379111111113 0.5411362566666666
2 0.5690512177777777 0.26323672333333337 0.5778536022222223 0.26416454500000003 0.5825640666666667 0.2629780083333333 0.5831826133333334 0.25967711499999996 0.5737260022222221 0.250265105 0.5649236200000001 0.24933728333333335 0.5630679777777778 0.259239965 0.5649592999999999 0.26112236666666666 0.5690512177777777 0.26323672333333337
2 0.3947638955555556 0.6185020616666667 0.40198422888888885 0.6158970333333333 0.4032213222222222 0.6092952450000001 0.40163927555555556 0.6057623966666668 0.39974795333333335 0.603879995 0.39314616444444445 0.60318413 0.39345544 0.6015336833333333 0.39125484222222223 0.6013017283333334 0.3900177488888889 0.6079035150000001 0.38781715333333333 0.60767156 0.38658006 0.6142733466666667 0.3881621066666667 0.617806195 0.3947638955555556 0.6185020616666667
2 0.28920666222222224 0.6309383783333333 0.28951593555555555 0.6292879316666667 0.2961177222222222 0.6299837966666666 0.29924614 0.6252644116666666 0.2976640911111111 0.6217315633333332 0.2932629 0.6212676533333333 0.2860425644444444 0.62387268 0.28511474444444446 0.6288240216666667 0.28700606666666667 0.6307064233333334 0.28920666222222224 0.6309383783333333
2 0.5982061488888889 0.23938108166666666 0.5985154222222222 0.23773063500000002 0.605117208888889 0.2384265 0.6098276733333333 0.237239965 0.6123375422222223 0.23582147333333334 0.6129560911111112 0.23252057833333334 0.6110647688888889 0.23063817666666664 0.6000617888888888 0.22947840166666666 0.6003710622222221 0.227827955 0.5849668933333333 0.22620426833333335 0.58465762 0.22785471499999999 0.5736546422222222 0.22669494 0.5711447711111112 0.22811342999999998 0.5699076777777778 0.2347152183333333 0.5717990000000001 0.23659762 0.5982061488888889 0.23938108166666666
2 0.6630701400000001 0.38422788 0.6850760977777778 0.38654743166666666 0.6853853711111111 0.38489698499999997 0.6919871577777779 0.38559285 0.6948063022222223 0.38252391166666666 0.6963526688888889 0.37427167833333336 0.6884781066666668 0.36839251666666667 0.6774751288888889 0.36723274166666664 0.6724553888888889 0.37006972499999996 0.6721461155555556 0.37172017166666665 0.6589425422222221 0.37032844000000004 0.6570868999999999 0.38023112000000003 0.6589782222222222 0.3821135233333333 0.6630701400000001 0.38422788
2 0.8735064311111111 0.7581656533333333 0.8867100044444444 0.7595573849999999 0.8892198733333333 0.7581388933333333 0.8895291466666667 0.756488445 0.8822731333333333 0.7473083916666667 0.8615042688888889 0.7383870516666667 0.8505012911111111 0.7372272766666667 0.8508105644444445 0.73557683 0.8464093733333333 0.73511292 0.8438995044444444 0.7365314116666667 0.8432809577777778 0.739832305 0.84517228 0.7417147066666666 0.8735064311111111 0.7581656533333333
2 0.5781388088888889 0.9811721833333333 0.5846335533333333 0.9465128 0.5808509088888889 0.9427479966666668 0.5786503133333334 0.9425160416666667 0.5736305755555555 0.945353025 0.5674451044444445 0.9783619599999999 0.5712277466666666 0.9821267650000001 0.5781388088888889 0.9811721833333333
2 0.8589230400000001 0.7162353783333333 0.8718173400000001 0.7192775566666666 0.8724358866666667 0.7159766633333333 0.8648705977777779 0.708447055 0.8560325355555555 0.6957341516666666 0.847230151111111 0.6948063316666667 0.8447202822222222 0.6962248233333334 0.8441017355555556 0.6995257166666667 0.8472658333333334 0.7065914133333334 0.8589230400000001 0.7162353783333333
2 0.8264851155555555 0.589953885 0.8374880955555556 0.59111366 0.8425078333333333 0.5882766766666666 0.8431263800000001 0.5849757833333333 0.8317784466666667 0.5736813716666667 0.82517666 0.5729855066666667 0.8248673866666666 0.5746359533333333 0.8182655999999999 0.5739400883333333 0.8170285044444444 0.580541875 0.8186105533333333 0.5840747233333333 0.8264851155555555 0.589953885
2 0.3005544755555556 0.9535962783333334 0.30526494 0.9524097416666666 0.30777480888888886 0.95099125 0.30901190444444443 0.9443894633333334 0.3112125 0.9446214183333332 0.3115217733333333 0.9429709716666668 0.30302866444444443 0.940392705 0.2888972688888889 0.9439523133333334 0.28387753111111114 0.9467892966666667 0.2832589844444445 0.9500901900000001 0.28515030666666663 0.9519725933333333 0.3005544755555556 0.9535962783333334
2 0.83446672 0.6311882933333334 0.849870891111111 0.6328119799999999 0.8523807600000001 0.6313934883333333 0.8545456755555555 0.61984036 0.8523450800000001 0.619608405 0.8535821733333334 0.6130066183333334 0.8497995288888889 0.6092418150000001 0.83439536 0.6076181283333333 0.8221552866666666 0.6130601400000001 0.8206089177777778 0.6213123733333333 0.8262828844444444 0.62695958 0.83446672 0.6311882933333334