2 0.577790399543379 0.2057113651877133 0.5843913493150685 0.20938758873720137 0.6163110159817352 0.21063793515358362 0.6485891461187214 0.2067758447098976 0.6487086347031964 0.20507169795221844 0.66022800456621 0.20381410580204778 0.6650269337899543 0.20058443515358362 0.6651367260273973 0.166412204778157 0.661413194063927 0.1543045614334471 0.6591332191780822 0.1542152508532423 0.6450948949771689 0.15879182593856656 0.6449754086757992 0.16049597269624574 0.6290155753424658 0.15987079863481227 0.6196566940639269 0.1629218481228669 0.5783878424657535 0.19719063481228669 0.577790399543379 0.2057113651877133
2 0.6249335776255708 0.1528755938566553 0.6483307808219179 0.14524796928327643 0.6672875205479452 0.13573757679180887 0.6700454497716896 0.1290103037542662 0.6658439634703196 0.12371924573378838 0.6544440821917807 0.1232726928327645 0.654324593607306 0.12497683788395905 0.6474846666666666 0.1247089061433447 0.6123291164383562 0.13700241638225255 0.6026117694063927 0.1451659044368601 0.6018948378995433 0.15539077986348124 0.6132947191780822 0.15583733276450512 0.6249335776255708 0.1528755938566553
2 0.5927943242009133 0.21996970648464162 0.6045526689497717 0.21530382081911262 0.6070716232876713 0.2119848395904437 0.6076690662100456 0.20346410921501706 0.5967471392694064 0.19620097269624573 0.5830672831050228 0.1956651109215017 0.5461097100456621 0.2010527252559727 0.5293134589041095 0.2123565733788396 0.528954993150685 0.2174690119453925 0.5449148264840182 0.21809418600682592 0.5447953378995434 0.21979833105802046 0.5927943242009133 0.21996970648464162
2 0.4163900502283105 0.19255373549488056 0.42826788356164386 0.18618370307167237 0.43078683789954336 0.18286472184300342 0.42874583789954335 0.17936711945392492 0.39910614840182645 0.17820608361774742 0.3759479223744292 0.18242541638225254 0.3757089452054795 0.1858337081911263 0.3800299200913242 0.18942062116040956 0.39575077625570776 0.19345408703071673 0.40715065753424656 0.19390063993174061 0.40727014383561644 0.19219649317406143 0.4163900502283105 0.19255373549488056
2 0.441350299086758 0.19524029692832764 0.47771042694063925 0.19837341126279864 0.48478933333333335 0.19523305119453924 0.4873082853881278 0.19191406825938567 0.4876667511415525 0.1868016313993174 0.4833457762557078 0.18321471843003415 0.4697854086757991 0.1809747098976109 0.4696659200913242 0.18267885494880545 0.44914613470319636 0.18187505972696244 0.44674666894977166 0.18348989590443687 0.4461492283105023 0.19201062627986348 0.44386925114155246 0.1919213156996587 0.441350299086758 0.19524029692832764
2 0.6884435273972603 0.25789297781569964 0.6860440616438356 0.2595078122866894 0.6858050844748859 0.26291610409556315 0.6966075228310503 0.2718833873720137 0.708007404109589 0.27232994027303753 0.7078879155251142 0.2740340853242321 0.728407700913242 0.2748378805460751 0.7605663424657535 0.27267993515358363 0.7652457831050229 0.271154409556314 0.7676452488584474 0.2695395750853242 0.768123200913242 0.26272299146757677 0.7572012762557078 0.25545985494880546 0.7141207054794521 0.25035466211604096 0.7140012168949772 0.2520588088737201 0.7071612899543379 0.2517908771331058 0.7024818493150685 0.2533164027303754 0.6976829200913243 0.25654607337883956 0.6975634315068493 0.25825021843003415 0.6884435273972603 0.25789297781569964
2 0.5847692054794521 0.26921131740614335 0.5938891095890411 0.2695685597269625 0.5937696210045662 0.27127270648464163 0.605169502283105 0.27171925938566555 0.6052889908675799 0.2700151126279864 0.6121289178082191 0.2702830443686007 0.6308466826484019 0.2641809436860068 0.6567628378995434 0.25323433788395905 0.6591623036529681 0.2516195034129693 0.6594012808219178 0.2482112116040956 0.6206416849315068 0.24669293174061435 0.620522198630137 0.2483970784982935 0.5886025319634703 0.2471467303754266 0.5884830433789955 0.2488508771331058 0.5816431141552512 0.24858294539249146 0.5768441849315069 0.2518126160409556 0.5766052100456621 0.2552209078498293 0.5847692054794521 0.26921131740614335
2 0.5316128242009133 0.2773820529010239 0.5314933356164384 0.27908619795221845 0.5793728333333333 0.2809617184300341 0.5840522739726027 0.2794361945392491 0.5888512031963471 0.27620652218430036 0.5900460890410959 0.2591650631399317 0.5877661118721461 0.2590757525597269 0.5881245776255708 0.25396331569965874 0.5836841141552511 0.25208054778156996 0.5198447831050228 0.24957985324232082 0.5096494817351598 0.2645599249146758 0.5090520410958904 0.2730806552901024 0.5156529908675799 0.27675687883959044 0.5316128242009133 0.2773820529010239
2 0.47964163242009134 0.2360432423208191 0.47052172831050226 0.23568600170648465 0.4706412168949772 0.23398185494880547 0.4615213127853881 0.23362461262798634 0.447363502283105 0.23990533447098977 0.4468855479452055 0.24672191808873722 0.45312803424657533 0.2555105784982935 0.4543326141552511 0.27093720307167235 0.4563736118721461 0.27443480546075083 0.4765349315068493 0.2803510375426621 0.4902147899543379 0.2808869010238908 0.490095301369863 0.28259104778156996 0.4946552534246575 0.28276966723549485 0.4947747420091324 0.28106552218430036 0.508454598173516 0.28160138566552906 0.5109735502283105 0.2782824044368601 0.5116904817351599 0.26805752730375426 0.5139704589041095 0.26814683788395904 0.5164894109589041 0.2648278566552901 0.5168478767123288 0.2597154197952219 0.5191278515981735 0.2598047303754266 0.5199642716894977 0.24787570819112628 0.5134828082191781 0.24249533788395905 0.5000419292237442 0.2385511843003413 0.4795221438356164 0.23774738907849832 0.47964163242009134 0.2360432423208191
2 0.43651258904109586 0.06859763310580205 0.4270342191780822 0.0733528276450512 0.42631728767123284 0.083577704778157 0.42847777625570777 0.08537116040955632 0.46495739269406394 0.08680012798634812 0.4650768812785388 0.08509598293515358 0.4741967876712329 0.0854532252559727 0.47431627625570777 0.08374907849829351 0.48115620319634705 0.08401701023890784 0.4858356438356164 0.08249148464163822 0.4906345730593607 0.07926181399317406 0.49123201598173516 0.07074108532423208 0.4824705776255708 0.06527140443686007 0.47107069634703197 0.06482485153583618 0.4709512077625571 0.06652899829351536 0.4641112785388128 0.06626106655290102 0.46399178995433793 0.06796521331058021 0.4480319589041096 0.06734003924914676 0.4479124703196347 0.0690441843003413 0.43651258904109586 0.06859763310580205
2 0.4209112214611872 0.06286002047781569 0.42523219634703197 0.06644693344709897 0.4366320776255708 0.06689348634812287 0.4367515662100457 0.06518934129692833 0.44359149543378995 0.06545727133105803 0.4603877465753425 0.05415342320819113 0.46086570091324197 0.047336839590443686 0.4542647488584475 0.043660616040955634 0.43830491552511414 0.04303544368600683 0.4265465707762557 0.047701327645051195 0.42618810502283105 0.05281376621160409 0.42390812785388127 0.05272445563139932 0.4234301757990867 0.05954103924914676 0.421150198630137 0.059451728668941974 0.4209112214611872 0.06286002047781569
2 0.5274307283105023 0.3370271604095563 0.5091909178082191 0.33631267747440274 0.5045114771689497 0.3378382013651877 0.5042725 0.34124649317406147 0.5084739885844749 0.3465375529010239 0.5172354269406393 0.35200723208191126 0.5261163538812785 0.3557727662116041 0.5443561621004567 0.35648725085324234 0.5442366735159817 0.3581913959044369 0.5761563401826484 0.3594417440273037 0.5766342945205479 0.35262516040955627 0.5744738059360731 0.35083170307167233 0.565353901826484 0.35047446075085326 0.5654733904109589 0.34877031569965866 0.5477115342465754 0.341239247440273 0.5408716073059361 0.3409713156996587 0.540991095890411 0.3392671706484642 0.5273112397260274 0.3387313071672355 0.5274307283105023 0.3370271604095563
2 0.47835634474885846 0.35219310068259385 0.4943161757990867 0.35281827303754265 0.4989956187214612 0.3512927491467577 0.5013950821917807 0.3496779129692833 0.502231502283105 0.33774889078498294 0.4935895502283105 0.33057506484641636 0.4821896712328767 0.3301285136518771 0.4427131461187214 0.3388351109215017 0.4424741689497717 0.3422434027303754 0.45135509589041095 0.34600893686006823 0.4581950251141553 0.34627686689419795 0.4580755365296804 0.34798101365187717 0.47835634474885846 0.35219310068259385
2 0.3883521849315068 0.33157922013651875 0.38823269634703195 0.33328336689419796 0.39735260045662096 0.3336406075085324 0.3972331118721461 0.3353447542662116 0.39951308904109584 0.33543406484641636 0.3996325776255708 0.3337299180887372 0.4087524817351598 0.3340871604095563 0.4231492694063927 0.3243981484641638 0.4232687579908676 0.3226940017064846 0.41438782876712327 0.3189284675767918 0.4029879497716895 0.3184819146757679 0.4031074383561644 0.3167777696245734 0.38030767579908675 0.3158846638225256 0.37790821232876715 0.3174995 0.3773107694063927 0.3260202303754266 0.3815122557077626 0.33131128839590446 0.3883521849315068 0.33157922013651875
2 0.4367193310502283 0.3591062406143345 0.4415182602739726 0.3558765699658703 0.44199621461187216 0.34905998634812285 0.4399552168949772 0.3455623839590444 0.4355147511415525 0.34367961604095565 0.4241148721461187 0.3432330648464164 0.4145170136986301 0.3496924061433447 0.41415854794520546 0.354804843003413 0.4183600342465753 0.36009590273037545 0.4320398904109589 0.3606317662116041 0.4367193310502283 0.3591062406143345
2 0.7566426118721461 0.39385291979522186 0.7558061940639269 0.40578194197952216 0.7535262168949772 0.40569263139931744 0.751614401826484 0.4329589658703072 0.7582153515981735 0.43663518941979523 0.762775305936073 0.4368138105802048 0.787247904109589 0.41384887201365184 0.7876063698630137 0.40873643515358365 0.7898863470319635 0.40882574402730376 0.7910812305936074 0.39178428498293516 0.7825587694063927 0.3829063139931741 0.7757188401826485 0.3826383822525597 0.7758383287671232 0.38093423549488054 0.7667184246575343 0.3805769931740614 0.7592810547945206 0.3888297918088737 0.7589225890410959 0.3939422303754266 0.7566426118721461 0.39385291979522186
2 0.4594189931506849 0.4266396587030717 0.47381578082191783 0.4169506467576792 0.47897317579908677 0.40860853754266213 0.47969010730593603 0.3983836621160409 0.4819700844748859 0.39847297269624576 0.48700798858447486 0.3918350102389079 0.48748594292237446 0.3850184266211604 0.48292599086757987 0.38483980546075086 0.4729696666666667 0.3964115853242321 0.4438176278538813 0.4209020477815699 0.44322018493150683 0.4294227781569966 0.45234008904109585 0.4297800204778157 0.4594189931506849 0.4266396587030717
2 0.2997205684931507 0.4870282372013652 0.2810028059360731 0.49313033788395905 0.28088331735159816 0.4948344829351536 0.2740433881278539 0.4945665511945392 0.2693639474885845 0.49609207679180883 0.26696448401826484 0.49770691296928327 0.26588908675799083 0.5130442252559727 0.26804957534246576 0.5148376825938566 0.2886888470319635 0.5139373310580205 0.3243223515981735 0.4948272372013651 0.33596120776255706 0.49186549829351534 0.33608069634703197 0.4901613515358362 0.34292062557077624 0.4904292832764506 0.3499995319634703 0.4872889232081911 0.3550374360730593 0.4806509607508533 0.3552764132420091 0.47724266723549486 0.35311592694063926 0.4754492116040956 0.34171604566210045 0.4750026587030717 0.3415965570776256 0.47670680546075084 0.32563672374429226 0.4760816313993174 0.32551723515981734 0.4777857781569966 0.31867730821917806 0.4775178464163823 0.3069189611872146 0.48218373208191123 0.2997205684931507 0.4870282372013652
2 0.031652139269406396 0.10400336177474404 0.05217192465753425 0.10480715699658703 0.05685136529680366 0.1032816313993174 0.05925083105022831 0.10166679692832764 0.059609294520547945 0.09655435836177474 0.057329319634703196 0.09646504778156996 0.05792676255707763 0.08794431740614335 0.05144529908675799 0.08256394880546075 0.038004420091324195 0.07861979351535836 0.03116449086757991 0.07835186177474403 0.031045002283105024 0.08005600853242321 0.028765027397260272 0.07996669795221842 0.027211675799086756 0.10212059556313993 0.031771627853881275 0.1022992167235495 0.031652139269406396 0.10400336177474404
2 0.31526376484018265 0.2979573464163822 0.31754374200913243 0.298046656996587 0.32474213470319635 0.2932021501706485 0.3411799223744292 0.2870107406143345 0.34837831735159813 0.2821662337883959 0.34873678082191784 0.277053795221843 0.35101675799086757 0.27714310580204776 0.3514947123287671 0.2703265221843003 0.3537746872146119 0.2704158327645051 0.35401366438356163 0.2670075409556314 0.3518531780821918 0.26521408361774745 0.34273327168949774 0.26485684300341295 0.3380538310502283 0.2663823668941979 0.32137706849315073 0.2759820699658703 0.3111817671232877 0.29096214163822526 0.3109427899543379 0.29437043344709896 0.31526376484018265 0.2979573464163822
2 0.3933803949771689 0.29247317406143347 0.3842604908675799 0.29211593174061434 0.3818610273972603 0.2937307662116041 0.3807856301369863 0.30906808020477816 0.38498711643835615 0.31435913993174064 0.4050289474885845 0.3219795187713311 0.4118688767123288 0.32224744880546075 0.41174938812785383 0.3239515955631399 0.42542924429223744 0.3244874590443686 0.4255487328767123 0.3227833122866894 0.4323886621004566 0.3230512440273038 0.4511064246575342 0.3169491433447099 0.4515843789954338 0.31013255972696246 0.4407819406392694 0.3011652781569966 0.42290059589041096 0.29533835665529007 0.41606066894977173 0.2950704249146758 0.4161801575342466 0.2933662781569966 0.402500301369863 0.29283041638225255 0.4026197899543379 0.2911262696245734 0.39349988356164384 0.29076902730375426 0.3933803949771689 0.29247317406143347
2 0.49305997260273976 0.5663723822525597 0.4880220662100457 0.5730103447098976 0.48982408904109587 0.5799162389078498 0.5097464315068493 0.5892407645051195 0.5371061438356164 0.5903124897610921 0.5464650251141553 0.5872614402730375 0.5513834429223744 0.5823276228668942 0.5517419086757991 0.5772151843003414 0.5540218858447489 0.577304494880546 0.5550972808219178 0.5619671825938567 0.5441753561643835 0.5547040460750854 0.5327754748858448 0.5542574931740615 0.5326559863013699 0.555961638225256 0.521256105022831 0.5555150870307167 0.5073372716894977 0.5583875153583617 0.5026578310502283 0.5599130409556313 0.49305997260273976 0.5663723822525597
2 0.35603212557077624 0.5968901279863482 0.3651520296803653 0.5972473703071672 0.38147032648401824 0.5927601058020477 0.38158981506849315 0.5910559590443686 0.3884297442922374 0.5913238907849829 0.38854923287671234 0.5896197440273038 0.4023485776255708 0.5884514624573379 0.4234658059360731 0.5807345273037543 0.4258652694063927 0.5791196911262799 0.4262237351598173 0.574007252559727 0.3851841643835617 0.5723996638225256 0.3712653310502283 0.5752720921501706 0.35950698630136985 0.5799379778156997 0.34271073287671233 0.5912418259385666 0.34235226712328765 0.5963542645051194 0.3445127557077626 0.5981477201365187 0.3559126369863014 0.5985942730375426 0.35603212557077624 0.5968901279863482
2 0.8947361621004566 0.31552977645051195 0.8950946278538813 0.3104173395904437 0.8973746050228311 0.3105066484641638 0.8979720456621004 0.3019859197952219 0.8958115593607305 0.3001924624573379 0.8822511917808219 0.29795245392491465 0.8727728219178083 0.3027076501706485 0.8695369360730593 0.31625150682593856 0.8739773995433789 0.3181342747440273 0.8876572579908676 0.31867013651877135 0.8947361621004566 0.31552977645051195
2 0.21865550456621005 0.6649883941979522 0.2172119497716895 0.6529700631399318 0.18565074885844748 0.6466072781569966 0.150495198630137 0.6589007866894198 0.17713798173515982 0.6701973890784984 0.21865550456621005 0.6649883941979522
2 0 0.6397896211604096 0.04693067123287672 0.6360468993174061 0.05220755479452055 0.62600064334471 0.032643678082191784 0.611563680887372 0 0.6117197406143344 0 0.6397896211604096
2 0.5320876278538813 0.6618866194539249 0.5419244634703196 0.6520189863481228 0.5098853105022831 0.6524727849829352 0.46765085616438357 0.6679066552901024 0.4506156255707762 0.682618795221843 0.5320876278538813 0.6618866194539249