2 0.29273322127659573 0.4370630830670927 0.3159012595744681 0.4549537555910543 0.3706949638297872 0.4608838865814696 0.4154678446808511 0.4772669552715655 0.4925335936170213 0.47692340415335466 0.48985839148936167 0.46546859584664535 0.46134634042553196 0.45518743290734826 0.30275404468085104 0.42661014536741215 0.29273322127659573 0.4370630830670927
2 0.2843899893617021 0.4813795127795527 0.2813843808510639 0.4875673067092652 0.3350660808510638 0.5014409025559105 0.40433501702127655 0.4956633594249201 0.43752387872340426 0.5031010926517572 0.462356729787234 0.49381700319488814 0.45689832127659574 0.4869612955271565 0.41969985319148934 0.47760091214057504 0.31301004680851063 0.4756067651757188 0.2843899893617021 0.4813795127795527
2 0.3222620510638298 0.5164929424920128 0.2722595510638298 0.5221845990415336 0.26691553829787235 0.5297941070287541 0.2986556 0.5322987827476039 0.44042148085106386 0.5129672076677316 0.43752387872340426 0.5031010926517572 0.35878692765957443 0.5001002795527156 0.3222620510638298 0.5164929424920128
2 0.14831130638297874 0.5364972284345048 0.15288011063829787 0.5497077076677317 0.19419619361702128 0.5449368322683705 0.22693386382978725 0.5250328258785942 0.17503776170212765 0.5289688099041534 0.14831130638297874 0.5364972284345048
2 0.37173729787234044 0.6521090862619808 0.334659614893617 0.6877330463258786 0.33521881276595744 0.699020876996805 0.34769243404255323 0.7016114392971246 0.35415484255319146 0.7165775910543131 0.3626188574468085 0.7172455047923322 0.3696340744680851 0.7129803610223643 0.38243810425531916 0.6979283210862619 0.3833277063829787 0.6915735479233227 0.4127229744680851 0.6649808130990416 0.4206277914893617 0.6543608961661342 0.4256350085106383 0.6338748642172524 0.4335398276595745 0.623254947284345 0.4346518340425532 0.6153114808306709 0.424294214893617 0.6128878961661341 0.4102637829787234 0.6214181853035144 0.37173729787234044 0.6521090862619808
2 0.20902738936170212 0.6376630591054313 0.20836018723404257 0.6424291373801917 0.19689056170212765 0.6479490191693291 0.18453133404255317 0.6598236709265176 0.1838641319148936 0.6645897507987221 0.17940972127659574 0.6658444872204473 0.17874251914893616 0.6706105670926518 0.176626514893617 0.6704435878594249 0.17640411489361704 0.6720322811501598 0.18486812978723402 0.6727001948881789 0.20101456382978722 0.6643368849840255 0.21782820212765958 0.6512074952076677 0.25268187659574465 0.6314704680511183 0.25524268085106383 0.6284600591054313 0.2572442914893617 0.614161821086262 0.25089627872340425 0.6136608865814697 0.24833547234042552 0.6166712939297124 0.24198745957446807 0.6161703594249202 0.20902738936170212 0.6376630591054313
2 0.33040843829787236 0.5958417108626198 0.30212517659574467 0.6144909808306709 0.28364033829787233 0.6242760063897764 0.2795227255319149 0.6384072651757189 0.28587073829787235 0.6389082012779552 0.30947718936170215 0.6231023594249201 0.31393159787234043 0.621847624600639 0.31415399787234044 0.6202589313099042 0.3247340191489362 0.621093822683706 0.35023407234042553 0.6070436533546326 0.3602548957446809 0.596590715654952 0.3611445 0.5902359424920128 0.35925089787234044 0.5884802715654952 0.3550188893617021 0.5881463146964856 0.35479648723404256 0.5897350079872204 0.3463324723404255 0.5890670942492013 0.33040843829787236 0.5958417108626198
2 0.29843958723404257 0.5644066022364217 0.2672587234042553 0.5731897571884984 0.2369674659574468 0.5756181389776358 0.2055642 0.5859899872204473 0.1936497744680851 0.5946872539936102 0.1929825723404255 0.5994533322683706 0.1672601170212766 0.6150921948881789 0.1642545085106383 0.6212799888178914 0.16926811489361704 0.6313130830670927 0.17327772127659574 0.6332357332268371 0.18920175531914893 0.6264611166134185 0.2331866489361702 0.6026259217252397 0.2721643255319149 0.5992767603833865 0.28029154468085105 0.5870681501597445 0.31258441276595744 0.5703415303514376 0.3261700404255319 0.5649886277955272 0.3501132893617021 0.5620593115015975 0.36180531276595745 0.5549507364217252 0.3673717276595745 0.54575253514377 0.34621168723404255 0.544082750798722 0.29843958723404257 0.5644066022364217
2 0.4606919170212766 0.5209917651757189 0.45011189574468086 0.5201568722044728 0.44988949574468085 0.5217455654952077 0.436971070212766 0.5223323881789137 0.43207185957446803 0.5267645111821087 0.43140465531914896 0.5315305910543131 0.5359784574468085 0.5333577587859425 0.5472256808510638 0.5294265702875399 0.5457768808510638 0.5244935127795527 0.4609143170212766 0.519403071884984 0.4606919170212766 0.5209917651757189
2 0.30700522127659574 0.5185014808306709 0.2934195914893617 0.5238543817891373 0.2925299893617021 0.5302091549520767 0.3052260127659574 0.5312110255591054 0.33551727234042555 0.5287826437699681 0.3357396723404255 0.5271939504792332 0.34420368936170215 0.5278618626198083 0.3620213255319149 0.5228429185303515 0.3666981361702128 0.5199994888178914 0.3654717361702128 0.5134777380191694 0.331393270212766 0.5123947763578275 0.30700522127659574 0.5185014808306709
2 0.4482246829787234 0.5489203274760384 0.44566387659574463 0.5519307348242811 0.44455187234042554 0.5598742012779553 0.44243586808510643 0.5597072220447284 0.4422134659574468 0.5612959153354633 0.44410707021276596 0.5630515862619808 0.45680309361702126 0.5640534568690095 0.46571191276595747 0.5615439840255592 0.48185834680851064 0.5531806741214058 0.4844191531914893 0.5501702667731629 0.4853087553191489 0.5438154936102236 0.4812991489361702 0.5418928434504793 0.470719129787234 0.5410579520766773 0.4575783021276596 0.5432334680511182 0.4482246829787234 0.5489203274760384
2 0.44655987021276594 0.576095089456869 0.4431094595744681 0.585460268370607 0.44500306382978727 0.5872159408945686 0.44923507021276593 0.5875498977635782 0.4517958765957447 0.5845394888178914 0.45814388936170214 0.5850404249201278 0.4670527063829787 0.5825309520766774 0.4766287276595745 0.5752553993610223 0.4819727404255319 0.567645891373802 0.4800791382978723 0.5658902188498403 0.4737311255319149 0.565389284345048 0.4603679 0.5691534936102237 0.44655987021276594 0.576095089456869
2 0.4041573404255319 0.7108859345047923 0.4032677361702127 0.7172407076677316 0.4011517319148936 0.7170737300319489 0.39469571489361704 0.7326267044728435 0.39313890851063826 0.7437475559105431 0.40071332127659576 0.7507702412140574 0.4038333234042553 0.7590476645367412 0.41675174893617023 0.7584608418530352 0.4264421638297872 0.7656505047923322 0.43067417234042554 0.7659844616613419 0.4351285829787234 0.7647297252396166 0.4353509829787234 0.7631410335463259 0.4525014170212766 0.7628881661341853 0.4571782255319149 0.7600447364217252 0.45829023191489365 0.7521012715654952 0.4408030021276596 0.7394776150159744 0.43010858723404255 0.7241775063897764 0.4279925829787234 0.7240105271565496 0.42743338510638296 0.7127226980830671 0.4257621829787234 0.7093783322683705 0.42364617872340427 0.7092113546325879 0.4243133829787234 0.7044452747603833 0.4207485765957447 0.6993452380191694 0.41673897021276596 0.6974225894568691 0.4120621595744681 0.7002660191693291 0.4041573404255319 0.7108859345047923
2 0.22475457872340426 0.7545536389776357 0.2226385744680851 0.7543866613418531 0.2193025595744681 0.7782170575079872 0.22620977021276595 0.7900058226837061 0.23255778085106382 0.7905067587859426 0.23322498510638298 0.785740678913738 0.2353409893617021 0.7859076565495208 0.23689779574468087 0.7747868051118211 0.2390138 0.7749537843450479 0.23990340212765957 0.7685990111821086 0.24201940638297872 0.7687659888178914 0.2429090106382979 0.7624112172523962 0.245025014893617 0.7625781948881789 0.24591461914893617 0.7562234233226838 0.243798614893617 0.7560564440894568 0.24535542127659574 0.7449355926517571 0.24323941702127658 0.7447686150159744 0.24390662127659574 0.7400025351437699 0.240341814893617 0.734902498402556 0.23610980851063829 0.7345685415335463 0.22675618723404253 0.7402554009584664 0.22475457872340426 0.7545536389776357
2 0.26774186170212766 0.7531271277955272 0.2670746595744681 0.7578932060702875 0.2649586553191489 0.7577262284345048 0.2636242489361702 0.7672583865814696 0.26574025319148936 0.7674253658146964 0.2650730510638298 0.7721914440894568 0.26908265744680854 0.7741140942492013 0.27543067021276596 0.7746150303514377 0.28010748085106385 0.7717716006389777 0.28778989787234044 0.7627403769968051 0.2886795021276595 0.7563856038338658 0.29079550638297874 0.7565525830670927 0.2912403085106383 0.753375196485623 0.28934670425531916 0.7516195255591054 0.2808826893617021 0.7509516118210863 0.28110508936170214 0.7493629185303514 0.27898908510638293 0.7491959392971247 0.27876668510638297 0.7507846325878594 0.27241867234042555 0.750283698083067 0.26774186170212766 0.7531271277955272
2 0.3435812106382979 0.7462618258785942 0.34146520638297867 0.7460948466453674 0.34035320212765957 0.7540383130990416 0.3441404085106383 0.7575496549520767 0.348150014893617 0.7594723051118211 0.35873003617021276 0.7603071980830671 0.3655228489361702 0.7576307460063897 0.3661900531914894 0.7528646677316293 0.36451885106382975 0.7495203019169329 0.35694443829787237 0.7424976166134186 0.3505964255319149 0.7419966805111821 0.35081882765957445 0.7404079888178914 0.3465868191489362 0.7400740319488818 0.344248414893617 0.7414957460063898 0.3435812106382979 0.7462618258785942
2 0.4650958234042553 0.810463071884984 0.4585254106382979 0.8115508306709265 0.4569686042553191 0.8226716821086262 0.4605334085106383 0.8277717188498404 0.4711134297872341 0.8286066102236421 0.47089102765957447 0.830195303514377 0.4878190595744681 0.8315311309904154 0.4875966595744681 0.8331198242811502 0.5129887085106383 0.8351235638977635 0.5134335106382979 0.8319461773162939 0.524013529787234 0.83278107028754 0.5244583319148937 0.8296036837060703 0.515994314893617 0.8289357699680511 0.5143231127659574 0.8255914057507986 0.4952790765957447 0.8240886006389776 0.4955014787234043 0.8224999073482429 0.4874822638297872 0.818654607028754 0.4881494680851064 0.8138885271565495 0.4848070638297872 0.8071997987220447 0.4791262531914893 0.801932784345048 0.4751166468085106 0.8000101341853035 0.4687686340425532 0.7995091996805112 0.46643022978723403 0.8009309137380192 0.4650958234042553 0.810463071884984
2 0.4279798042553192 0.6629722747603833 0.4273126 0.6677383546325879 0.4251965957446808 0.6675713769968051 0.4231949872340426 0.6818696150159744 0.4263149914893617 0.690147036741214 0.42843099574468085 0.6903140159744409 0.42776379148936167 0.6950800942492013 0.4294349936170213 0.6984244584664536 0.43132859787234046 0.7001801309904153 0.4355606042553191 0.7005140878594249 0.44045981702127657 0.6960819648562301 0.44201662340425535 0.6849611134185304 0.44413262765957445 0.685128091054313 0.45136385319148936 0.6487551277955271 0.44947025106382976 0.6469994568690096 0.4452382425531915 0.6466655 0.44078383404255317 0.6479202364217252 0.4279798042553192 0.6629722747603833
2 0.4994919170212766 0.732865178913738 0.4959335021276595 0.758284268370607 0.49949830638297876 0.7633843051118211 0.5058463191489362 0.7638852396166134 0.5065135212765958 0.7591191597444089 0.5086295255319149 0.7592861389776359 0.5101863319148936 0.7481652875399362 0.5123023361702127 0.7483322651757189 0.5126327446808511 0.730689662939297 0.5107391404255319 0.7289339904153355 0.5065071319148936 0.7286000335463259 0.5020527234042553 0.7298547699680511 0.4994919170212766 0.732865178913738
2 0.3424883744680851 0.8457626693290735 0.34037237021276595 0.8455956916932907 0.34103957446808514 0.8408296118210863 0.3393683723404255 0.8374852476038338 0.32990035531914896 0.8287068897763579 0.3258907489361702 0.8267842396166133 0.3172043319148936 0.827705019169329 0.3148659276595745 0.829126733226837 0.31308671914893615 0.8418362795527157 0.31097071489361705 0.8416693003194888 0.310748314893617 0.8432579936102237 0.30440030212765956 0.8427570591054313 0.3020618978723404 0.8441787731629393 0.30139469361702126 0.8489448530351438 0.3035106978723404 0.8491118306709264 0.30284349574468084 0.8538779105431309 0.3061859 0.8605666389776357 0.3080795021276596 0.8623223115015974 0.34828357872340426 0.8654949009584665 0.3493955829787234 0.8575514345047922 0.34371477446808507 0.8522844201277955 0.34159877021276597 0.8521174424920128 0.3424883744680851 0.8457626693290735
2 0.4081727234042553 0.20844865814696484 0.38745109574468084 0.1730823610223642 0.3228500255319149 0.10855355271565496 0.3001574659574468 0.10676283546325878 0.3092605638297872 0.12033112619808307 0.2924469276595744 0.1334605159744409 0.23620442127659572 0.12259732747603833 0.20642982340425534 0.09936658785942493 0.1294412829787234 0.0932912587859425 0.14466344042553192 0.13464855271565493 0.2968061085106383 0.20929794089456868 0.35004300638297875 0.2263489233226837 0.4081727234042553 0.20844865814696484
2 0.08074490638297872 0.163335714057508 0.14845703617021275 0.16867902236421725 0.1594818574468085 0.1663365271565495 0.15847785957446808 0.15822608306709265 0.09855615319148937 0.12779764217252396 0.09220814255319149 0.12729670766773163 0.08964733617021277 0.13030711501597445 0.07695131276595744 0.12930524440894567 0.0693769 0.12228255910543132 0.05901928085106383 0.11985897284345048 0.05031803617021277 0.12088566613418529 0.045291774468085105 0.15679013099041533 0.047333644680851064 0.15748667412140574 0.08074490638297872 0.163335714057508