2 0.2660006926605505 0.5526840412371133 0.2671994541284404 0.5318003762886597 0.29292083256880735 0.49134988487972514 0.3036260802752293 0.4297761065292096 0.28397629357798165 0.43677690034364264 0.2550995366972477 0.48617321649484535 0.25362125688073395 0.5053514742268042 0.23936298394495414 0.5170496924398625 0.21659816513761468 0.5191436666666667 0.2176758853211009 0.5398179329896907 0.19798575 0.5606713711340207 0.20645194954128443 0.5841282577319588 0.2660006926605505 0.5526840412371133
2 0.373992373853211 0.5912219123711341 0.38489644266055045 0.5590588264604811 0.3730760412844037 0.5151370721649484 0.38509817889908254 0.48979560824742263 0.37890846100917436 0.46612932474226804 0.36017791972477065 0.4505410498281787 0.33709323623853216 0.46478226288659796 0.33477640596330277 0.4788443041237114 0.3516281123853211 0.5534633625429554 0.35094803669724767 0.5916104810996563 0.3611720321100917 0.5975945137457045 0.373992373853211 0.5912219123711341
2 0.457980123853211 0.6665900670103093 0.4701607362385321 0.6845119398625429 0.4823816972477064 0.6885811701030927 0.4785491559633028 0.6370002010309279 0.45530599770642205 0.6079780773195876 0.4545884885321101 0.5613039295532646 0.4276309151376147 0.5378168178694158 0.3948034885321101 0.4785161855670103 0.38226266513761464 0.4865941941580756 0.39068851605504584 0.5239037233676976 0.457980123853211 0.6665900670103093
2 0.43490126605504587 0.4834834570446736 0.4380566467889908 0.47453763402061855 0.4577064334862385 0.46753683848797256 0.47875380504587156 0.4690630738831615 0.49249339220183486 0.4401014003436426 0.4885398096330275 0.4300783642611684 0.4121393600917431 0.3869035223367698 0.40439066972477067 0.41012078350515463 0.4184068600917431 0.4815384278350515 0.43490126605504587 0.4834834570446736
2 0.5686891903669725 0.6512133711340207 0.6335084059633027 0.6660245085910653 0.6318313050458716 0.6557920738831615 0.5844257431192661 0.6203368969072165 0.5660150642201834 0.592601383161512 0.5143360527522935 0.5592704072164949 0.5082270298165138 0.5078988367697594 0.4775550435779817 0.4899467371134021 0.46217870412844037 0.4948233316151203 0.4762352408256881 0.5523883316151202 0.5686891903669725 0.6512133711340207
2 0.5615831422018348 0.5514622474226805 0.6041965711009175 0.5717781701030928 0.6020007844036698 0.5442822817869416 0.5789967935779816 0.530818206185567 0.5380604655963303 0.5207347182130584 0.5422935665137615 0.5324631615120274 0.5615831422018348 0.5514622474226805
2 0.6992872155963303 0.6443939312714776 0.6467696536697248 0.6059467371134021 0.6251229013761468 0.6148623350515464 0.6432944105504587 0.6270397989690721 0.6992872155963303 0.6443939312714776
2 0.7187814403669724 0.49545589003436424 0.7489750894495413 0.48229189003436423 0.7513322660550459 0.45437720618556704 0.6119481766055046 0.4498869982817869 0.6428593325688073 0.4833971460481099 0.7187814403669724 0.49545589003436424
2 0.5214479311926605 0.4616737096219931 0.5316719266055047 0.46765774226804124 0.5362248899082569 0.4672389467353952 0.5399393027522935 0.4617039347079037 0.5382622018348624 0.4514715 0.5354266857798164 0.4482700859106529 0.5303146880733945 0.4452780704467354 0.523485243119266 0.44590626288659796 0.5232057247706422 0.4442008556701031 0.5118233165137615 0.4452478436426117 0.5078293853211009 0.44907745017182127 0.5089474518348625 0.4558990738831615 0.5166154495412845 0.4603870979381443 0.5214479311926605 0.4616737096219931
2 0.7525310275229358 0.43349354123711337 0.7553665435779816 0.43669495532646047 0.7644724701834863 0.4358573659793814 0.7647519862385321 0.4375627714776632 0.7966227362385321 0.434631206185567 0.8097225940366972 0.4299640103092784 0.840795137614679 0.4080635841924399 0.8413945183486238 0.3976217525773196 0.8436710022935779 0.39741235395189006 0.8422734174311926 0.388885324742268 0.8346054197247706 0.3843973006872852 0.8254994931192661 0.38523489003436423 0.8252199747706422 0.3835294845360825 0.8038930871559633 0.3802978453608247 0.7970636422018349 0.3809260378006873 0.7566056513761468 0.401958647766323 0.7423473784403669 0.41365686426116843 0.7386329655963303 0.4191918762886598 0.7394715160550459 0.42430809450171825 0.7371950344036697 0.4245174914089347 0.7383131009174312 0.4313391151202749 0.7408691009174312 0.4328351237113402 0.7525310275229358 0.43349354123711337
2 0.7643139954128441 0.392594029209622 0.770025373853211 0.3851442130584192 0.7694663394495412 0.38173340206185563 0.7671898577981652 0.38194279896907213 0.7663513073394496 0.3768265824742268 0.7612393096330274 0.37383456529209624 0.752133383027523 0.3746721563573883 0.7444250389908257 0.38403677491408933 0.7452635894495413 0.3891529914089347 0.7529315848623853 0.39364101718213057 0.7643139954128441 0.392594029209622
2 0.8175058050458716 0.5902419243986254 0.8607589610091744 0.5862633728522337 0.8859616536697248 0.5285494261168385 0.8094805091743119 0.5130798711340206 0.7456986674311926 0.5327956443298969 0.741984252293578 0.5383306563573883 0.7519287316513762 0.5426092835051547 0.7974180252293578 0.5522739776632303 0.795340364678899 0.5818940687285223 0.8175058050458716 0.5902419243986254
2 0.9171955871559633 0.4512384261168385 0.9315749013761467 0.3979822783505155 0.9041389908256882 0.34337906872852236 0.8751037568807339 0.3495120463917526 0.869392378440367 0.3569618625429553 0.8657557454128441 0.43346549828178693 0.8867627706422018 0.44884437628865975 0.8895579380733944 0.46589843298969075 0.9171955871559633 0.4512384261168385
2 1 0.5219744707903781 0.991518376146789 0.5240333591065293 0.9515790733944954 0.5623294243986254 0.9552531376146789 0.5706470549828179 1 0.574784529209622 1 0.5219744707903781