2 0.7395833333333334 0.9984375 0.75 0.984375 0.7625 0.94375 0.7645833333333333 0.903125 0.7604166666666666 0.89375 0.75625 0.890625 0.74375 0.890625 0.7354166666666667 0.884375 0.71875 0.884375 0.6979166666666666 0.8953125 0.65 0.9453125 0.625 0.9890625 0.6208333333333333 0.9984375 0.7395833333333334 0.9984375
2 0.9270833333333334 0.7609375 0.9458333333333333 0.825 0.9645833333333333 0.8546875 0.9979166666666667 0.8921875 0.9979166666666667 0.85 0.9875 0.8359375 0.9708333333333333 0.8296875 0.96875 0.825 0.9666666666666667 0.7734375 0.95625 0.75 0.94375 0.7390625 0.925 0.7 0.9125 0.6953125 0.8958333333333334 0.6984375 0.89375 0.7203125 0.9270833333333334 0.7609375
2 0.06041666666666667 0.6328125 0.06875 0.6390625 0.08125 0.6546875 0.0875 0.6578125 0.0875 0.6625 0.09166666666666666 0.665625 0.10416666666666667 0.66875 0.11458333333333333 0.6609375 0.12083333333333333 0.6609375 0.13333333333333333 0.653125 0.1375 0.6359375 0.14791666666666667 0.63125 0.15208333333333332 0.615625 0.16458333333333333 0.603125 0.16458333333333333 0.596875 0.13958333333333334 0.596875 0.12708333333333333 0.6046875 0.11666666666666667 0.6171875 0.1125 0.63125 0.10416666666666667 0.6375 0.08958333333333333 0.6328125 0.07708333333333334 0.6203125 0.0625 0.6203125 0.06041666666666667 0.621875 0.058333333333333334 0.625 0.06041666666666667 0.6328125
2 0.15416666666666667 0.6875 0.16041666666666668 0.6609375 0.13541666666666666 0.6640625 0.13541666666666666 0.6796875 0.15416666666666667 0.6875
2 0.48333333333333334 0.4296875 0.48541666666666666 0.4296875 0.48541666666666666 0.4390625 0.4895833333333333 0.4546875 0.5104166666666666 0.484375 0.51875 0.490625 0.525 0.490625 0.5270833333333333 0.4890625 0.5270833333333333 0.4828125 0.525 0.4828125 0.5229166666666667 0.471875 0.5020833333333333 0.4359375 0.5 0.4359375 0.49583333333333335 0.421875 0.49375 0.41875 0.48541666666666666 0.4140625 0.48333333333333334 0.415625 0.48333333333333334 0.4296875
2 0.29375 0.4765625 0.29583333333333334 0.4796875 0.3020833333333333 0.4796875 0.3020833333333333 0.48125 0.3104166666666667 0.48125 0.3104166666666667 0.4828125 0.32083333333333336 0.4828125 0.32083333333333336 0.484375 0.32708333333333334 0.484375 0.32708333333333334 0.4859375 0.3333333333333333 0.4890625 0.33958333333333335 0.4890625 0.33958333333333335 0.490625 0.3645833333333333 0.490625 0.36666666666666664 0.4890625 0.36666666666666664 0.4859375 0.3541666666666667 0.48125 0.34791666666666665 0.48125 0.34791666666666665 0.4796875 0.3104166666666667 0.46875 0.29791666666666666 0.46875 0.29375 0.471875 0.29375 0.4765625
2 0.45208333333333334 0.35625 0.45208333333333334 0.3703125 0.45416666666666666 0.3703125 0.45416666666666666 0.3765625 0.46458333333333335 0.3921875 0.4708333333333333 0.3984375 0.47291666666666665 0.3984375 0.4666666666666667 0.3921875 0.4708333333333333 0.3859375 0.47291666666666665 0.3859375 0.4666666666666667 0.3609375 0.46458333333333335 0.3609375 0.46458333333333335 0.3546875 0.46041666666666664 0.3484375 0.45625 0.3453125 0.45208333333333334 0.346875 0.45 0.35625 0.45208333333333334 0.35625
2 0.42291666666666666 0.353125 0.4270833333333333 0.3828125 0.4875 0.5140625 0.4979166666666667 0.525 0.5041666666666667 0.525 0.50625 0.5171875 0.4708333333333333 0.434375 0.46458333333333335 0.403125 0.4375 0.375 0.42916666666666664 0.33125 0.4125 0.3234375 0.41041666666666665 0.3328125 0.42291666666666666 0.353125
2 0.3 0.396875 0.30416666666666664 0.4 0.325 0.4078125 0.3458333333333333 0.4078125 0.3458333333333333 0.403125 0.33958333333333335 0.396875 0.3229166666666667 0.390625 0.31666666666666665 0.390625 0.31666666666666665 0.3890625 0.30416666666666664 0.3890625 0.3 0.3921875 0.3 0.396875
2 0.2708333333333333 0.45625 0.2708333333333333 0.4609375 0.27291666666666664 0.4640625 0.275 0.465625 0.2875 0.4640625 0.29375 0.459375 0.3020833333333333 0.45625 0.30625 0.453125 0.30833333333333335 0.45 0.30833333333333335 0.4421875 0.29791666666666666 0.4421875 0.29375 0.44375 0.29375 0.4453125 0.28541666666666665 0.4453125 0.27708333333333335 0.4484375 0.27291666666666664 0.4515625 0.27291666666666664 0.45625 0.2708333333333333 0.45625
2 0.28541666666666665 0.5125 0.2916666666666667 0.5171875 0.30625 0.521875 0.3125 0.521875 0.3125 0.5234375 0.325 0.5234375 0.325 0.5203125 0.3125 0.5125 0.3020833333333333 0.5078125 0.29583333333333334 0.5078125 0.29583333333333334 0.50625 0.2875 0.50625 0.28541666666666665 0.5078125 0.28541666666666665 0.5125
2 0.21458333333333332 0.4671875 0.22083333333333333 0.4703125 0.22916666666666666 0.4703125 0.22916666666666666 0.46875 0.23541666666666666 0.46875 0.24375 0.4609375 0.24375 0.4578125 0.23958333333333334 0.4546875 0.2375 0.4546875 0.2375 0.45625 0.225 0.45625 0.225 0.4578125 0.21666666666666667 0.4578125 0.21458333333333332 0.4609375 0.21458333333333332 0.4671875
2 0.2520833333333333 0.5625 0.24791666666666667 0.565625 0.24166666666666667 0.5671875 0.24166666666666667 0.56875 0.24583333333333332 0.56875 0.25833333333333336 0.559375 0.26875 0.5453125 0.26875 0.540625 0.26458333333333334 0.540625 0.25416666666666665 0.5484375 0.25 0.55 0.24375 0.5578125 0.24583333333333332 0.5578125 0.2520833333333333 0.5625
2 0.33958333333333335 0.384375 0.34375 0.3875 0.3541666666666667 0.390625 0.36041666666666666 0.390625 0.3625 0.3890625 0.3625 0.3859375 0.35625 0.3796875 0.3416666666666667 0.375 0.3375 0.375 0.33541666666666664 0.378125 0.33958333333333335 0.384375
2 0.22291666666666668 0.621875 0.22291666666666668 0.625 0.225 0.625 0.225 0.63125 0.22916666666666666 0.634375 0.23125 0.634375 0.23541666666666666 0.628125 0.23541666666666666 0.615625 0.23125 0.6109375 0.22916666666666666 0.6109375 0.225 0.615625 0.225 0.621875 0.22291666666666668 0.621875
2 0.38125 0.478125 0.3645833333333333 0.4859375 0.3645833333333333 0.4921875 0.36875 0.496875 0.3770833333333333 0.5015625 0.3854166666666667 0.5015625 0.3854166666666667 0.503125 0.42291666666666666 0.5078125 0.42916666666666664 0.5109375 0.43333333333333335 0.5109375 0.4354166666666667 0.509375 0.4354166666666667 0.50625 0.43333333333333335 0.50625 0.43333333333333335 0.5015625 0.43125 0.4984375 0.39791666666666664 0.4734375 0.39166666666666666 0.465625 0.37916666666666665 0.465625 0.3770833333333333 0.4671875 0.3770833333333333 0.471875 0.38125 0.478125
2 0.37083333333333335 0.4140625 0.37916666666666665 0.428125 0.3854166666666667 0.4328125 0.38958333333333334 0.4328125 0.4041666666666667 0.4671875 0.40208333333333335 0.4703125 0.4041666666666667 0.478125 0.4270833333333333 0.496875 0.43333333333333335 0.50625 0.44583333333333336 0.5109375 0.45416666666666666 0.50625 0.45416666666666666 0.478125 0.44166666666666665 0.46875 0.44166666666666665 0.4609375 0.4354166666666667 0.453125 0.44166666666666665 0.44375 0.4354166666666667 0.4359375 0.42916666666666664 0.4359375 0.4041666666666667 0.41875 0.38333333333333336 0.4109375 0.37083333333333335 0.4109375 0.37083333333333335 0.4140625
2 0.3854166666666667 0.3671875 0.3854166666666667 0.3765625 0.3875 0.3765625 0.3875 0.38125 0.4041666666666667 0.396875 0.4125 0.396875 0.4125 0.384375 0.41041666666666665 0.384375 0.41041666666666665 0.3765625 0.40625 0.3640625 0.39375 0.3515625 0.38958333333333334 0.3515625 0.3875 0.3546875 0.3875 0.3671875 0.3854166666666667 0.3671875
2 0.5 0.5578125 0.5 0.5625 0.5020833333333333 0.5625 0.5020833333333333 0.5671875 0.5125 0.59375 0.5229166666666667 0.6109375 0.525 0.6125 0.5291666666666667 0.6125 0.53125 0.6109375 0.53125 0.578125 0.5291666666666667 0.578125 0.5229166666666667 0.553125 0.5083333333333333 0.546875 0.5020833333333333 0.546875 0.5 0.5484375 0.4979166666666667 0.5578125 0.5 0.5578125
2 0.5520833333333334 0.515625 0.5541666666666667 0.515625 0.5541666666666667 0.5234375 0.5604166666666667 0.5296875 0.5666666666666667 0.5296875 0.5708333333333333 0.5265625 0.5666666666666667 0.496875 0.5645833333333333 0.496875 0.5645833333333333 0.4921875 0.55625 0.4921875 0.5541666666666667 0.49375 0.5520833333333334 0.496875 0.5520833333333334 0.515625
2 0.5958333333333333 0.5328125 0.5958333333333333 0.5546875 0.6020833333333333 0.5578125 0.6083333333333333 0.5578125 0.6145833333333334 0.5546875 0.61875 0.5484375 0.61875 0.5359375 0.6208333333333333 0.5359375 0.6208333333333333 0.5296875 0.6229166666666667 0.5296875 0.6229166666666667 0.5046875 0.6208333333333333 0.5015625 0.6166666666666667 0.5 0.6104166666666667 0.5015625 0.6 0.515625 0.6 0.521875 0.5979166666666667 0.521875 0.5979166666666667 0.5328125 0.5958333333333333 0.5328125
2 0.69375 0.546875 0.7354166666666667 0.546875 0.7354166666666667 0.5484375 0.7416666666666667 0.5484375 0.7645833333333333 0.53125 0.7645833333333333 0.51875 0.7875 0.5046875 0.79375 0.496875 0.79375 0.490625 0.7895833333333333 0.4890625 0.7729166666666667 0.49375 0.7416666666666667 0.5203125 0.7020833333333333 0.5359375 0.69375 0.5421875 0.69375 0.546875
2 0.7104166666666667 0.5859375 0.7145833333333333 0.5890625 0.7354166666666667 0.596875 0.7541666666666667 0.596875 0.7541666666666667 0.5984375 0.7604166666666666 0.5984375 0.7604166666666666 0.6 0.7645833333333333 0.6015625 0.775 0.6015625 0.775 0.603125 0.78125 0.603125 0.78125 0.6046875 0.7916666666666666 0.6046875 0.79375 0.603125 0.79375 0.5984375 0.7916666666666666 0.5953125 0.7854166666666667 0.5921875 0.7729166666666667 0.5890625 0.7645833333333333 0.5890625 0.7645833333333333 0.5875 0.75 0.584375 0.74375 0.584375 0.74375 0.5828125 0.7375 0.5828125 0.7375 0.58125 0.7270833333333333 0.58125 0.7270833333333333 0.5796875 0.7125 0.5796875 0.7104166666666667 0.58125 0.7104166666666667 0.5859375
2 0.7895833333333333 0.6359375 0.79375 0.6421875 0.8145833333333333 0.653125 0.8270833333333333 0.653125 0.8291666666666667 0.6515625 0.8291666666666667 0.646875 0.8270833333333333 0.646875 0.8270833333333333 0.6421875 0.8229166666666666 0.6375 0.8 0.6234375 0.7916666666666666 0.6234375 0.7895833333333333 0.625 0.7895833333333333 0.6359375
2 0.6416666666666667 0.5875 0.6479166666666667 0.590625 0.6708333333333333 0.590625 0.6833333333333333 0.5828125 0.6833333333333333 0.578125 0.6791666666666667 0.5765625 0.6541666666666667 0.5765625 0.6416666666666667 0.5859375 0.6416666666666667 0.5875
2 0.6208333333333333 0.621875 0.6333333333333333 0.6296875 0.6416666666666667 0.6328125 0.6458333333333334 0.6328125 0.6479166666666667 0.63125 0.6479166666666667 0.6234375 0.6458333333333334 0.6234375 0.6458333333333334 0.6140625 0.64375 0.6125 0.6270833333333333 0.6125 0.6229166666666667 0.6140625 0.6208333333333333 0.615625 0.6208333333333333 0.621875
2 0.7979166666666667 0.6 0.7979166666666667 0.603125 0.8020833333333334 0.6078125 0.8166666666666667 0.6078125 0.8166666666666667 0.609375 0.8229166666666666 0.609375 0.825 0.6078125 0.8270833333333333 0.6046875 0.8270833333333333 0.596875 0.825 0.5953125 0.8166666666666667 0.5953125 0.8166666666666667 0.59375 0.8041666666666667 0.59375 0.8 0.5953125 0.8 0.6 0.7979166666666667 0.6
2 0.8166666666666667 0.6828125 0.8208333333333333 0.6859375 0.8229166666666666 0.6859375 0.8229166666666666 0.690625 0.8270833333333333 0.6953125 0.8291666666666667 0.6953125 0.83125 0.69375 0.83125 0.6890625 0.8291666666666667 0.6890625 0.8270833333333333 0.6671875 0.825 0.6671875 0.825 0.6609375 0.8229166666666666 0.659375 0.8166666666666667 0.659375 0.8145833333333333 0.6609375 0.8166666666666667 0.6828125
2 0.75625 0.628125 0.7708333333333334 0.6328125 0.7729166666666667 0.6296875 0.76875 0.628125 0.76875 0.6234375 0.7645833333333333 0.6171875 0.75625 0.6109375 0.75 0.6109375 0.7458333333333333 0.6125 0.74375 0.61875 0.75625 0.628125
2 0.6458333333333334 0.7609375 0.6604166666666667 0.7703125 0.6729166666666667 0.7734375 0.6770833333333334 0.7671875 0.6770833333333334 0.7625 0.6791666666666667 0.7625 0.6791666666666667 0.7484375 0.6770833333333334 0.7453125 0.66875 0.7375 0.6645833333333333 0.7359375 0.6583333333333333 0.7359375 0.6583333333333333 0.734375 0.6541666666666667 0.734375 0.65 0.740625 0.64375 0.7515625 0.6458333333333334 0.7609375
2 0.6895833333333333 0.79375 0.6979166666666666 0.79375 0.70625 0.7890625 0.7104166666666667 0.7828125 0.7104166666666667 0.7703125 0.7083333333333334 0.7703125 0.7083333333333334 0.765625 0.7041666666666667 0.7625 0.6958333333333333 0.7640625 0.6895833333333333 0.76875 0.6875 0.790625 0.6895833333333333 0.79375
2 0.6479166666666667 0.6453125 0.6479166666666667 0.653125 0.65 0.653125 0.65 0.6578125 0.6520833333333333 0.6609375 0.6583333333333333 0.6609375 0.6583333333333333 0.6515625 0.6604166666666667 0.6515625 0.6604166666666667 0.646875 0.6625 0.646875 0.6625 0.640625 0.6604166666666667 0.6390625 0.65 0.6390625 0.6479166666666667 0.640625 0.6458333333333334 0.6453125 0.6479166666666667 0.6453125
2 0.5270833333333333 0.409375 0.53125 0.409375 0.54375 0.39375 0.5458333333333333 0.36875 0.5541666666666667 0.3484375 0.5979166666666667 0.3125 0.5979166666666667 0.271875 0.5895833333333333 0.2703125 0.5791666666666667 0.2765625 0.5666666666666667 0.2765625 0.5541666666666667 0.3046875 0.5416666666666666 0.3171875 0.5270833333333333 0.31875 0.525 0.321875 0.5229166666666667 0.384375 0.5270833333333333 0.409375
2 0.6416666666666667 0.3625 0.6416666666666667 0.3703125 0.64375 0.3734375 0.6479166666666667 0.375 0.65 0.375 0.65 0.3734375 0.6583333333333333 0.3734375 0.6625 0.3703125 0.6625 0.35625 0.6604166666666667 0.353125 0.65 0.353125 0.64375 0.35625 0.64375 0.3625 0.6416666666666667 0.3625