2 0.32083333333333336 0.7015625 0.3458333333333333 0.7171875 0.3541666666666667 0.7078125 0.3541666666666667 0.684375 0.3229166666666667 0.65 0.30833333333333335 0.646875 0.30625 0.6640625 0.32083333333333336 0.7015625
2 0.35 0.675 0.35833333333333334 0.675 0.375 0.603125 0.37083333333333335 0.58125 0.35625 0.5875 0.3458333333333333 0.621875 0.33541666666666664 0.6296875 0.33541666666666664 0.6578125 0.35 0.675
2 0.30833333333333335 0.63125 0.3229166666666667 0.6359375 0.31875 0.5953125 0.3125 0.58125 0.30416666666666664 0.5796875 0.30416666666666664 0.61875 0.30833333333333335 0.63125
2 0.3416666666666667 0.596875 0.3645833333333333 0.58125 0.37083333333333335 0.5546875 0.35208333333333336 0.53125 0.3416666666666667 0.534375 0.3333333333333333 0.5484375 0.33125 0.5859375 0.3416666666666667 0.596875
2 0.325 0.596875 0.33125 0.56875 0.31875 0.54375 0.30833333333333335 0.546875 0.30625 0.5859375 0.325 0.596875
2 0.3145833333333333 0.5546875 0.32916666666666666 0.559375 0.3375 0.51875 0.325 0.490625 0.30625 0.50625 0.30833333333333335 0.54375 0.3145833333333333 0.5546875
2 0.33541666666666664 0.5 0.34375 0.4515625 0.32916666666666666 0.4078125 0.3229166666666667 0.415625 0.31875 0.490625 0.33541666666666664 0.5
2 0.35 0.525 0.35833333333333334 0.5265625 0.36875 0.5234375 0.3770833333333333 0.5078125 0.375 0.4640625 0.3625 0.4609375 0.3416666666666667 0.4796875 0.33958333333333335 0.5078125 0.35 0.525
2 0.3416666666666667 0.4515625 0.36041666666666666 0.45625 0.37083333333333335 0.446875 0.36666666666666664 0.4109375 0.33958333333333335 0.3859375 0.33125 0.390625 0.33541666666666664 0.4375 0.3416666666666667 0.4515625
2 0.3625 0.39375 0.3854166666666667 0.375 0.3958333333333333 0.3421875 0.37916666666666665 0.309375 0.36875 0.3109375 0.34791666666666665 0.3515625 0.34791666666666665 0.3875 0.3625 0.39375
2 0.5895833333333333 0.2 0.6166666666666667 0.1640625 0.6375 0.1171875 0.6166666666666667 0.13125 0.5854166666666667 0.1796875 0.5833333333333334 0.196875 0.5895833333333333 0.2