2 0.26734186909871244 0.41691994372990354 0.167264491416309 0.4060066221864952 0.1243083669527897 0.39808177974276526 0.09006062446351931 0.4005178938906752 0.09140340987124464 0.40686958842443727 0.10122420600858369 0.41221527170418004 0.21603277682403432 0.4311471189710611 0.24392201072961375 0.4294655128617363 0.2640046266094421 0.4319657604501608 0.2763859463519313 0.42886882315112546 0.27995356008583694 0.4251899726688103 0.27928216738197426 0.4220141254019293 0.26734186909871244 0.41691994372990354
2 0 0.38692664469453375 0.04297081759656653 0.3833170144694534 0.04229942489270386 0.38014116720257235 0.037389027896995705 0.37746832475884246 0.02891101502145923 0.37847433440514466 0.02857531974248927 0.3768864115755627 0.0035823068669527895 0.3717133199356913 0 0.37213840032154344 0 0.38692664469453375
2 0.1623540922746781 0.4033337797427653 0.18778812660944205 0.4003157524115756 0.18957193347639484 0.3984763263665595 0.18890054077253218 0.39530047909967847 0.18331875107296136 0.38945179099678456 0.1826473583690987 0.38627594372990354 0.19960337982832618 0.384263924437299 0.19859629184549357 0.379500154340836 0.18944688841201718 0.37733031832797426 0.1809688755364807 0.3783363263665595 0.1806331802575107 0.37674840353697747 0.1322203111587983 0.38412088102893893 0.13356309442060085 0.3904725739549839 0.13568259871244634 0.3902210723472669 0.13736107939914163 0.3981606897106109 0.14227147854077252 0.4008335305466238 0.1514208819742489 0.40300336816720256 0.16201839699570816 0.40174585691318326 0.1623540922746781 0.4033337797427653
2 0.3141156974248927 0.46345795176848875 0.32649701931330477 0.46036101446945343 0.3230347317596567 0.45426082315112537 0.2949151266094421 0.44457546463022507 0.27516820815450643 0.44366313826366555 0.27483251072961373 0.44207521543408357 0.2121294678111588 0.4332380466237942 0.20365145708154506 0.4342440562700965 0.20331575965665236 0.4326561334405145 0.17932983690987125 0.43224681189710606 0.17855311802575108 0.4388500080385852 0.19930712660944205 0.4445261045016077 0.2806446738197425 0.4592908697749196 0.2870031824034335 0.4585363633440514 0.2873388776824034 0.4601242861736335 0.2936973862660944 0.45936977974276527 0.29403308369098713 0.46095770257234725 0.3003915922746781 0.46020319614147914 0.3141156974248927 0.46345795176848875
2 0.3048412489270387 0.44014210610932475 0.3213562489270386 0.44632120578778134 0.357618169527897 0.4534126318327974 0.370335186695279 0.45190361736334406 0.369999491416309 0.4503156945337621 0.37847750214592274 0.44930968488745976 0.3862841201716738 0.44512782958199354 0.3852770321888412 0.4403640594855306 0.3800309377682403 0.43610329260450165 0.3628445429184549 0.42674834565916403 0.35369513948497855 0.4245785080385852 0.34309762446351927 0.4258360209003215 0.34276192918454934 0.42424809646302253 0.3318287188841202 0.42391768488745984 0.3314930214592275 0.42232976205787787 0.30393948497854073 0.4255992926045016 0.30427518025751077 0.4271872170418006 0.2915581630901288 0.42869622990353695 0.289774356223176 0.4305356559485531 0.29011005364806863 0.43212357877813506 0.3048412489270387 0.44014210610932475
2 0.29076172532188843 0.40437437459807074 0.2956721244635193 0.40704721704180064 0.3185456330472103 0.412471810289389 0.3270236459227468 0.4114658006430868 0.3273593412017167 0.41305372508038585 0.3400763583690987 0.41154471061093245 0.34041205579399136 0.4131326334405145 0.36406228326180257 0.41195403054662383 0.3746597982832618 0.41069651929260453 0.3785631072961373 0.4086055916398714 0.3778917145922747 0.40542974437299034 0.3687423111587983 0.4032599067524116 0.3613767124463519 0.39925064469453375 0.3479883025751073 0.3975838118971061 0.3264575772532189 0.3985109115755627 0.32612188197424896 0.3969229887459807 0.319763373390558 0.39767749517684886 0.31942767596566524 0.3960895723472669 0.3109496652360515 0.3970955819935691 0.3106139699570815 0.3955076575562701 0.2936579463519313 0.39751967684887457 0.2939936416309013 0.39910759967845655 0.2876351330472103 0.39986210771704184 0.29076172532188843 0.40437437459807074
2 0.44206258798283266 0.4417646141479099 0.4423982854077253 0.443352536977492 0.4529957982832618 0.4420950257234727 0.4526601030042918 0.4405071028938906 0.4996248626609442 0.4365619742765273 0.4982820772532189 0.43021028135048234 0.4761852854077253 0.41818249196141477 0.44628187339055797 0.41033655787781353 0.4311096566523605 0.4105091511254019 0.4307739613733906 0.40892122829581995 0.4201764463519313 0.41017873954983924 0.41984075107296137 0.4085908167202572 0.39652621888412015 0.4113573424437299 0.39686191416309013 0.4129452652733119 0.3989814184549356 0.41269376366559485 0.4020026845493562 0.426985073954984 0.4103753712446352 0.43575810771704176 0.4177409678111588 0.4397673697749196 0.43570407939914163 0.4425191221864952 0.44206258798283266 0.4417646141479099
2 0.41853740557939917 0.46408922508038586 0.4188731030042918 0.46567714951768485 0.4294706180257511 0.46441963665594854 0.4291349206008584 0.46283171382636656 0.4460909442060086 0.46081969453376204 0.4447481587982833 0.45446800160771705 0.43526305793991416 0.45071024115755626 0.4289045493562232 0.4514647475884245 0.4285688540772532 0.4498768247588424 0.40949332832618024 0.45214034565916394 0.4098290236051502 0.4537282684887459 0.4013510128755365 0.45473427813504824 0.397447703862661 0.4568252057877814 0.3977833991416309 0.4584131302250804 0.40548469313304725 0.4640103167202572 0.41005939484978543 0.4650952347266881 0.41853740557939917 0.46408922508038586
2 0.5063387875536481 0.46832044212218654 0.5066744849785407 0.4699083649517685 0.5193915021459228 0.4683993504823151 0.5232948111587983 0.46630842282958196 0.5240715278969957 0.4597052266881029 0.5184897381974249 0.453856538585209 0.5163702360515021 0.454108040192926 0.5146917532188842 0.446168424437299 0.5101170515021459 0.4450835048231512 0.4995195364806867 0.44634101607717047 0.49918384120171677 0.4447530932475884 0.47307841416309016 0.4445952749196141 0.4561223905579399 0.4466072942122187 0.45813656866952784 0.4561348344051447 0.46829306223175965 0.4630684421221865 0.4746515708154507 0.4623139340836013 0.4749872660944206 0.4639018585209004 0.48803998068669524 0.46398076688102896 0.4883756759656652 0.46556868971061094 0.4999802789699571 0.46907494855305465 0.5063387875536481 0.46832044212218654
2 0.6005183991416309 0.5027222025723473 0.5885780987124464 0.49762802090032154 0.5585693626609441 0.49956113022508036 0.5512037660944206 0.4955518665594856 0.5495252832618025 0.4876122491961415 0.5390330944206009 0.47909071864951763 0.5214056802575107 0.4779268906752412 0.516725652360515 0.4866210144694534 0.5201879399141631 0.4927212057877814 0.6254258068669527 0.5485993874598071 0.6496421030042919 0.5603756736334405 0.660911008583691 0.5622940080385852 0.648740339055794 0.5458328617363344 0.6200546673819742 0.523192612540193 0.6105695665236052 0.5194348520900322 0.6005183991416309 0.5027222025723473
2 0.7237852618025751 0.48972298874598075 0.7217710836909871 0.4801954485530547 0.7094950879828326 0.47351334405144696 0.6964423755364807 0.4734344340836013 0.6640837639484979 0.4642520803858521 0.5904475107296138 0.45508450000000006 0.5607744699570815 0.45860553376205787 0.5578782489270386 0.465460231511254 0.5870049442060086 0.4799093601286174 0.6144531545064378 0.48641887299035375 0.6345357703862661 0.48891912218649514 0.6493722896995708 0.4871586045016077 0.6550594055793991 0.4832282508038585 0.6681121201716738 0.48330716077170416 0.7092844377682404 0.49307142926045017 0.7237852618025751 0.48972298874598075
2 0.7312759055793991 0.5148782604501607 0.7376344141630902 0.5141237540192926 0.7349488433476394 0.5014203665594855 0.7370683454935621 0.5011688633440514 0.7357255622317597 0.4948171704180064 0.7329346652360514 0.49189282636655945 0.7259047639484978 0.4894714871382636 0.7068292381974249 0.4917350080385852 0.706493542918455 0.49014708360128617 0.6892018240343347 0.49057118006430867 0.6856342103004291 0.4942500305466238 0.6863056030042919 0.4974258778135048 0.6912159999999999 0.5000987202572347 0.7095148090128754 0.5044383938906752 0.7158733175965666 0.5036838874598071 0.7162090150214592 0.5052718102893891 0.7312759055793991 0.5148782604501607
2 0.9221562103004292 0.5133890578778135 0.9379998197424892 0.516392310289389 0.9461421351931331 0.5137983778135048 0.9469188519313305 0.5071951816720257 0.9187992467811159 0.49750982315112546 0.8701560064377682 0.4935153344051447 0.8152595815450643 0.48049631028938905 0.787370347639485 0.4821779180064309 0.7528922339055794 0.4732470659163987 0.7366076051502146 0.4784349324758842 0.7389574785407724 0.48955039549839224 0.7536886738197426 0.4975689212218649 0.779017381974249 0.5043299356913183 0.8312282360515021 0.5046455739549839 0.852317939914163 0.5119095916398714 0.8678258519313305 0.513324922829582 0.9221562103004292 0.5133890578778135
2 0.7885419248927038 0.5699377990353698 0.7937880193133047 0.5741985643086817 0.8001465278969958 0.5734440578778135 0.8048265536480687 0.5647499340836013 0.8034837703862661 0.5583982395498392 0.8056032725321889 0.5581467379421222 0.8029177017167382 0.5454433504823151 0.8092762103004292 0.544688844051447 0.8131795193133048 0.5425979163987138 0.8125081287553648 0.5394220691318328 0.8103886244635193 0.5396735707395498 0.8093815364806867 0.5349098006430868 0.8065906416309013 0.5319854565916399 0.7946503412017167 0.5268912749196142 0.7773586223175966 0.5273153697749197 0.76776819527897 0.5333366527331189 0.7687752854077253 0.538100422829582 0.770894787553648 0.5378489196141479 0.7722375729613734 0.5442006141479099 0.7743570751072961 0.5439491109324759 0.7753641652360516 0.5487128810289389 0.7834011545064378 0.5558979919614148 0.7855206566523605 0.5556464887459808 0.7885419248927038 0.5699377990353698
2 0.905450278969957 0.5576930932475884 0.9100249806866952 0.5587780112540194 0.9185029914163091 0.5577720032154341 0.9238544120171674 0.5522537250803858 0.9203921244635194 0.5461535337620579 0.8922725193133048 0.5364681752411575 0.867384830472103 0.521516041800643 0.8589068197424893 0.5225220514469453 0.8585711244635192 0.5209341270096463 0.8356976137339056 0.5155095337620579 0.8293391051502146 0.5162640418006431 0.8275552982832618 0.5181034678456592 0.828898083690987 0.5244551607717042 0.8313532832618026 0.5257915819935691 0.8833534871244635 0.5456653038585209 0.8977489849785407 0.5520959067524116 0.905450278969957 0.5576930932475884
2 1 0.588411850482315 0.9919285965665235 0.5864976672025723 0.9789812081545064 0.5766397154340835 0.9642500128755365 0.5686211897106109 0.9572201115879828 0.5661998488745981 0.9508616030042919 0.5669543569131832 0.961248465665236 0.5852549292604502 0.9735244635193133 0.5919370353697749 0.9815614527896996 0.5991221446945337 0.9836809549356224 0.5988706430868167 0.9850237403433477 0.6052223360128617 0.9948445364806867 0.6105680209003215 1 0.609956266881029 1 0.588411850482315
2 0.2816782060085837 0.33057539228295824 0.28234959871244636 0.3337512395498392 0.28480479613733906 0.33508766077170415 0.30031271030042916 0.33650299035369774 0.3427027660944206 0.33147294372990355 0.34236707081545065 0.3298850209003215 0.34872557939914167 0.32913051286173634 0.35050938626609446 0.32729108681672026 0.3501736888412017 0.3257031639871383 0.3452632918454936 0.3230303215434083 0.33823339055793994 0.32060898231511253 0.3318748819742489 0.3213634887459807 0.33153918454935627 0.3197755659163987 0.31391177038626605 0.31861173794212216 0.3142474656652361 0.32019966077170414 0.3057694549356223 0.32120567041800646 0.3061051502145923 0.32279359485530545 0.2997466416309013 0.3235481012861736 0.300082339055794 0.32513602411575565 0.293723830472103 0.32589053215434083 0.2940595257510729 0.3274784549839228 0.28346201072961374 0.3287359662379421 0.2816782060085837 0.33057539228295824
2 0.4592951459227468 0.3485653649517685 0.45963084120171677 0.35015328938906753 0.4723478605150215 0.34864427491961414 0.4720121630901288 0.3470563504823151 0.47837067167381975 0.3463018440514469 0.47981878111587983 0.34287449517684887 0.49465530257510726 0.3411139790996785 0.49398390987124463 0.3379381318327974 0.48907351072961375 0.3352652893890675 0.4799241072961373 0.33309545176848876 0.47356559871244636 0.33384995980707394 0.47322990343347643 0.33226203536977494 0.4499153712446352 0.3350285610932476 0.4484672596566524 0.3384559115755627 0.4399892489270386 0.33946191961414796 0.4360859399141631 0.3415528488745981 0.4325183261802575 0.34523169935691317 0.43318971888412017 0.3484075466237942 0.4423391223175966 0.350577384244373 0.4592951459227468 0.3485653649517685