2 0.18392950684931508 0.5067568447098977 0.2030967397260274 0.49780474061433444 0.2090866803652968 0.49358424914675764 0.21165461415525116 0.48527051194539245 0.1839323698630137 0.48398949999999996 0.18341878310502285 0.485652247440273 0.17452042694063927 0.4841167457337884 0.1740068401826484 0.48577949317406144 0.1673330707762557 0.484627866894198 0.15466936529680364 0.4876967320819112 0.1481658401826484 0.4935799709897611 0.1399513105022831 0.4974165870307168 0.1368697899543379 0.5073930716723549 0.1385807922374429 0.5094396945392491 0.1452545593607306 0.5105913225255974 0.14474097260273971 0.5122540699658703 0.14919015068493152 0.5130218208191126 0.1497037374429224 0.5113590733788396 0.15637750456621005 0.5125106996587031 0.18392950684931508 0.5067568447098977
2 0.1688652465753425 0.5479416587030717 0.174341598173516 0.5453839146757679 0.17639594520547947 0.5387329232081911 0.16972217808219178 0.5375812969283277 0.16920859132420094 0.5392440443686006 0.16031023515981738 0.5377085426621161 0.15979664840182647 0.539371290102389 0.15312288127853882 0.5382196638225256 0.15260929452054794 0.5398824112627986 0.14593552511415525 0.5387307849829351 0.14542193835616438 0.5403935324232082 0.12984981506849314 0.5377064027303754 0.1293362283105023 0.5393691518771331 0.11821328310502283 0.5374497730375426 0.10554957534246576 0.5405186382252559 0.10452240182648401 0.543844133105802 0.11239358447488584 0.5487051313993174 0.1279657100456621 0.5513922593856655 0.1495277716894977 0.5498588959044368 0.1500413584474886 0.5481961484641639 0.15893971689497716 0.5497316501706484 0.1688652465753425 0.5479416587030717
2 0.12832622602739727 0.4060905784982935 0.13499999315068495 0.40724220477815704 0.13654075342465755 0.40225396245733785 0.1331187488584475 0.39816071501706485 0.10642367808219177 0.3935542098976109 0.10591009132420091 0.395216957337884 0.09923632420091325 0.39406533105802044 0.09649814840182648 0.3953442030716724 0.09547097488584476 0.3986696979522184 0.0988929794520548 0.4027629436860068 0.10556674657534247 0.40391456996587033 0.1050531598173516 0.40557731740614333 0.11395151598173515 0.40711281911262803 0.11446510273972602 0.4054500716723549 0.1278126392694064 0.40775332593856656 0.12832622602739727 0.4060905784982935
2 0.250831700913242 0.5708426655290102 0.36223712557077625 0.5515366177474403 0.3730195890410959 0.5393862645051195 0.3612128150684931 0.5320947679180887 0.3456406894977169 0.5294076399317406 0.3285278059360731 0.5317087542662116 0.31261233561643836 0.5377192389078498 0.30097580365296805 0.5374626075085324 0.2927612739726027 0.541299223549488 0.2544296712328767 0.5364360870307167 0.23731678538812784 0.5387372013651877 0.2231123196347032 0.5467943088737202 0.2049722602739726 0.5524209180887372 0.19641438812785386 0.5649551484641638 0.206680401826484 0.5772348856655289 0.22225252511415525 0.5799220153583617 0.23440264383561643 0.5785158976109215 0.250831700913242 0.5708426655290102
2 0.315864098173516 0.5347776177474403 0.32578963013698625 0.5329876262798635 0.32630321689497715 0.5313248771331058 0.32288121232876715 0.5272316313993174 0.3105608493150685 0.5216028839590444 0.29498872602739723 0.5189157542662116 0.29550231278538813 0.5172530068259386 0.2888285456621004 0.5161013805460751 0.2883149589041096 0.5177641279863482 0.2727428333333333 0.515077 0.2722292465753425 0.516739747440273 0.261106301369863 0.5148203703071672 0.2605927146118721 0.5164831177474403 0.25391894748858446 0.5153314914675768 0.2434798287671233 0.5187842320819113 0.23697630365296804 0.5246674709897611 0.23594913013698632 0.5279929658703072 0.23937113470319635 0.5320862116040956 0.24604490182648403 0.5332378378839591 0.24553131506849316 0.5349005853242321 0.26777720547945205 0.5387393412969284 0.26829079452054794 0.5370765938566553 0.2794137397260274 0.538995970989761 0.315864098173516 0.5347776177474403
2 0.3400084063926941 0.41109379351535835 0.3489067625570776 0.41262929692832767 0.3588322922374429 0.41083930375426625 0.3603730547945206 0.40585105972696245 0.35130445433789953 0.3972806928327645 0.3446306872146119 0.39612906655290103 0.3451442739726027 0.39446631911262797 0.3328239132420091 0.38883756996587027 0.30390425342465754 0.38384718941979523 0.30339066666666664 0.3855099368600683 0.2944923105022831 0.383974433447099 0.2890159589041096 0.3865321774744027 0.28798878310502285 0.3898576740614334 0.29209461643835616 0.39932303754266213 0.30167680365296806 0.4062306587030717 0.3105751598173516 0.4077661604095563 0.3100615730593608 0.4094289078498294 0.3278582853881279 0.41249991126279867 0.3283718721461187 0.41083716382252555 0.33949481963470324 0.4127565409556314 0.3400084063926941 0.41109379351535835
2 0.49194426484018267 0.6019408600682594 0.5016995547945206 0.5931160017064846 0.48835202054794524 0.5908127491467577 0.48783843378995434 0.5924754965870308 0.48116466438356165 0.5913238703071673 0.4602864292237443 0.5982293515358362 0.44539813470319634 0.6009143412969283 0.4448845479452055 0.6025770887372013 0.43598619178082193 0.6010415853242321 0.42109789497716893 0.6037265750853242 0.4128833675799087 0.6075631911262799 0.4113426073059361 0.612551433447099 0.44642244748858445 0.6203561894197952 0.45138521232876716 0.6194611928327645 0.49194426484018267 0.6019408600682594
2 0.49160950684931504 0.5423364402730375 0.4931502671232877 0.5373481979522184 0.48408166894977167 0.5287778293515358 0.47295872374429226 0.5268584522184301 0.4679959566210045 0.5277534488054608 0.45652966666666667 0.5345316843003413 0.45601607990867576 0.5361944317406144 0.4582406689497717 0.5365783071672355 0.45669990867579907 0.5415665494880546 0.46234650228310503 0.5460436706484642 0.47569403652968034 0.5483469249146757 0.4833949771689498 0.5461730563139932 0.49160950684931504 0.5423364402730375
2 0.6327972465753424 0.4721257235494881 0.6485424748858447 0.4590803737201365 0.6574408310502283 0.4606158754266212 0.6678799497716894 0.4571631348122867 0.6711317123287671 0.4542215153583618 0.6731860593607306 0.44757052559726956 0.6719886438356164 0.4438611535836178 0.660865698630137 0.44194177645051197 0.6464909885844748 0.442964018771331 0.6300619315068493 0.4506372508532423 0.6208202305936074 0.457799361774744 0.6192794703196347 0.46278760409556313 0.6170548812785388 0.462403728668942 0.6139733584474886 0.4723802150170648 0.6117487694063927 0.4719963395904437 0.6084970068493151 0.47493795904436864 0.6069562465753424 0.47992620136518777 0.6114054246575342 0.4806939522184301 0.6119190114155252 0.479031204778157 0.6185927785388129 0.48018283105802045 0.6327972465753424 0.4721257235494881
2 0.6136328767123288 0.45831048293515364 0.6182551575342465 0.4433457542662116 0.6148331529680365 0.4392525085324232 0.605934796803653 0.43771700682593856 0.5994312716894977 0.4436002457337884 0.5963497488584475 0.4535767320819113 0.5941251598173516 0.4531928566552901 0.5900164657534247 0.4664948361774744 0.5934384703196346 0.4705880819112628 0.6001122374429223 0.47173970819112626 0.603364 0.4687980887372014 0.6136328767123288 0.45831048293515364
2 0.2945037579908676 0.29290505460750854 0.2922791689497717 0.2925211791808873 0.2943335159817352 0.28587018941979525 0.2909115114155251 0.2817769436860068 0.28132932648401826 0.27486932252559726 0.2746555593607306 0.2737176962457338 0.27516914611872145 0.2720549488054608 0.2618216095890411 0.26975169624573375 0.25908343378995435 0.27103056825938565 0.2558316712328767 0.27397218771331056 0.2537773242009132 0.2806231774744027 0.2589103310502283 0.28676304778156997 0.2628459223744292 0.28919354607508535 0.26968993150684933 0.2973800375426621 0.27927211643835614 0.3042876587030717 0.2881704726027397 0.3058231604095563 0.29090864840182645 0.3045442883959044 0.2945037579908676 0.29290505460750854
2 0.23803495890410958 0.27090118259385665 0.2144214086757991 0.25631819112627985 0.2099722305936073 0.2555504402730375 0.20723405479452056 0.2568293122866894 0.21202371689497718 0.271666795221843 0.21938131278538814 0.2781905392491468 0.23341267579908676 0.28586591126279864 0.2423110319634703 0.2874014129692833 0.24179744520547944 0.2890641604095563 0.2529203926940639 0.29098353924914677 0.25394756621004566 0.28765804266211603 0.23803495890410958 0.27090118259385665
2 0.3734959703196347 0.8336989982935153 0.42877594063926944 0.7836914641638225 0.3651140639269406 0.8077334027303754 0.348338799086758 0.8468715938566552 0.3628837511415525 0.8528842167235494 0.3734959703196347 0.8336989982935153
2 0.9040011278538813 0.7168297730375427 0.9385673812785388 0.726297276450512 0.9433100388127854 0.7261148856655291 0.9519097237442923 0.6982732423208191 0.9219709452054795 0.7041682986348123 0.9040011278538813 0.7168297730375427
2 0.7931150136986301 0.6889383839590444 0.7744642305936073 0.6734603959044368 0.7229553333333333 0.6733288720136519 0.7198738127853881 0.6833053583617748 0.731167 0.6922596006825938 0.7722367808219178 0.6958438651877132 0.7931150136986301 0.6889383839590444