0 0.6252602132701421 0.7356478404255319 0.4591796895734597 0.7608448244680851 0.25859507345971566 0.801699475177305 0.2823707085308057 0.8027219166666667 0.9565535236966825 0.7346896985815602 0.960189672985782 0.7175120921985816 0.9060249265402843 0.7240417925531916 0.6252602132701421 0.7356478404255319
1 0.6073573436018957 0.4121941985815603 0.558577672985782 0.40461829078014183 0.26622679857819903 0.4256221968085106 0.15508972274881516 0.45194493971631206 0.17861096682464456 0.4655032890070922 0.3000840260663507 0.4583569468085107 0.6073573436018957 0.4121941985815603
1 0 0.4880592978723404 0.11368045497630332 0.47755519680851066 0.12760711137440758 0.46843470390070924 0.10482726303317536 0.45137391312056735 0.00018347630331753555 0.4696898652482269 0 0.4705566294326241 0 0.4880592978723404
1 0.8245436753554503 0.6102668989361703 0.8057034194312797 0.5972632819148936 0.6422613341232228 0.5419911489361702 0.5235430213270142 0.47945306205673754 0.43585443838862564 0.4403388918439716 0.42378127014218014 0.4407032819148936 0.43251815639810426 0.4560998758865248 0.4756210545023697 0.4791594024822695 0.48398724170616114 0.4963072163120567 0.5470424881516588 0.5271166985815603 0.7362300023696682 0.5854398581560284 0.8019964407582938 0.6147754858156029 0.8210910876777251 0.615243195035461 0.8245436753554503 0.6102668989361703
1 0.747823587677725 0.7573531241134751 0.7518794857819905 0.7721949858156029 0.794866075829384 0.7844698226950355 0.9423171777251185 0.801943884751773 0.9484430521327014 0.7730045265957447 0.7781336990521326 0.7501741932624114 0.747823587677725 0.7573531241134751
0 0.3537193909952607 0.7716839503546099 0.36456415639810424 0.7657885319148937 0.21600095971563982 0.7535681312056738 0.07728674170616114 0.7514906631205673 0.07826075118483412 0.7695575992907802 0.17102279857819905 0.7733699946808511 0.3537193909952607 0.7716839503546099
0 0.18968834834123224 0.48117724822695035 0.14755946208530807 0.4761846595744681 0.27116959952606634 0.5949521436170212 0.29962622037914693 0.596529315602837 0.18968834834123224 0.48117724822695035
0 0.374732855450237 0.661079695035461 0.35169861848341233 0.6565548138297873 0.38013346208530807 0.6922372730496454 0.43505513507109006 0.7274683173758865 0.4404775165876777 0.724520609929078 0.374732855450237 0.661079695035461
1 1 0.44478284219858155 0.9030227203791469 0.4095345957446808 0.7877352180094787 0.37612550177304965 0.5639273033175355 0.32267531914893616 0.5331301872037915 0.32082078014184395 0.5884225568720379 0.3543006063829787 0.7965884123222748 0.40230678368794326 0.947099625592417 0.45066105851063826 1 0.47383788120567377 1 0.44478284219858155
1 0.4268339597156398 0.29027237056737587 0.11582446682464455 0.2067414875886525 0.14402669668246446 0.22085456914893617 0.1480825971563981 0.23569643085106382 0.16458236018957345 0.2484226808510638 0.5040484763033175 0.3335307375886525 0.4268339597156398 0.29027237056737587
0 1 0.18047690602836877 0.6835394478672986 0.14297395567375887 0.6827980545023697 0.14647639716312058 0.8381283388625592 0.17206480496453902 1 0.18573798581560283 1 0.18047690602836877
0 1 0.3448377127659575 0.9127989478672986 0.34068226595744683 0.8490023056872038 0.313375225177305 0.7185597464454976 0.28355559574468087 0.7190467511848341 0.2925890638297872 0.7425679952606635 0.30614741312056737 0.83407986492891 0.33853406737588654 0.994461836492891 0.36292598758865247 1 0.3628146418439716 1 0.3448377127659575
0 0.0771773672985782 0.34397843971631203 0.1013236990521327 0.34324965957446807 0.10169439810426541 0.3414984379432624 0.1258407298578199 0.34076965780141844 0.19385313033175355 0.32549267553191485 0.19841781042654028 0.315262719858156 0.18166365639810428 0.31507237765957447 0.13619849052132701 0.3258407712765957 0.12806491706161136 0.330262335106383 0.10625907819905213 0.3312684822695035 0.10083669431279621 0.33421618971631206 0.07940155450236966 0.3334711170212766 0.07903085545023697 0.3352223368794326 0.05562591943127962 0.33244867553191493 0.04934583412322274 0.3281141365248227 0.04232435308056872 0.32728203900709224 0.04158295734597156 0.3307844787234042 0.047121646919431284 0.33862145921985815 0.05537152843601896 0.34498458510638297 0.0768066682464455 0.34572965957446805 0.0771773672985782 0.34397843971631203
0 0.0505089028436019 0.435961024822695 0.063694163507109 0.4303429734042553 0.08118971090047394 0.4270308741134752 0.0842716018957346 0.42380579964539006 0.08267250236966825 0.4200259929078014 0.08070270616113744 0.4179974060283688 0.0736812251184834 0.4171653085106383 0.07405192417061611 0.4154140868794326 0.0670304431279621 0.4145819893617021 0.054215881516587676 0.4184488209219858 0.019595481042654028 0.4233217978723404 0.009343831753554502 0.42641526241134753 0.005785132701421801 0.4432269787234043 0.013177310426540285 0.44230785638297876 0.0505089028436019 0.435961024822695
0 0.24198593601895735 0.381461 0.2427273317535545 0.37795856028368796 0.2279429739336493 0.379796804964539 0.22757227488151657 0.381548024822695 0.21821030094786728 0.38043856028368794 0.21512840995260663 0.38366363475177306 0.2081069289099526 0.38283153723404256 0.11446540521327014 0.4058421808510638 0.11101281753554502 0.4108184769503546 0.12431438388625593 0.4159851134751773 0.13441775592417063 0.4135921365248227 0.13749964454976304 0.41036706205673756 0.14452112559241706 0.4111991613475177 0.24198593601895735 0.381461
0 0.15647798578199051 0.40005008156028365 0.15796077488151658 0.39304520035460994 0.1465126990521327 0.3791224609929078 0.11228477251184835 0.34813893085106384 0.10600468720379147 0.343804390070922 0.08728073696682465 0.34158546276595747 0.07249637914691942 0.3434237074468085 0.07175498341232227 0.3469261471631206 0.08357375829383887 0.35909766666666665 0.1122629952606635 0.38224421631205674 0.1319609549763033 0.4025300815602837 0.13898243601895735 0.40336218085106385 0.14403412085308057 0.4021656914893617 0.14440481753554502 0.4004144716312057 0.15376679383886258 0.40152393617021276 0.15647798578199051 0.40005008156028365
0 0.1911929146919431 0.44006707978723403 0.1939041066350711 0.438593225177305 0.19464550236966824 0.4350907854609929 0.16706836018957347 0.40669057269503545 0.15770638625592415 0.40558110992907803 0.15733568720379149 0.40733232978723405 0.15031420616113744 0.40650023226950355 0.1398401374407583 0.4106444290780142 0.14106853791469195 0.41617545567375885 0.15534411374407583 0.43940903014184396 0.16236559478672985 0.44024112765957446 0.1619948981042654 0.44199234929078013 0.1666758862559242 0.44254708156028366 0.16704658293838862 0.44079585992907805 0.1764085568720379 0.4419053244680851 0.1911929146919431 0.44006707978723403
0 0.2690107417061611 0.503143604609929 0.2140890710900474 0.467912560283688 0.2023866018957346 0.4665257287234043 0.20201590521327012 0.4682769503546099 0.19499442417061613 0.46744485106382977 0.1821798625592417 0.4713116826241135 0.18106776777251182 0.4765653439716312 0.18537805924170617 0.4788712960992908 0.21543377725118484 0.48422827659574463 0.22565345497630332 0.4926199875886525 0.26050647156398105 0.5093163882978723 0.2745494336492891 0.510980585106383 0.27417873459715636 0.5127318049645391 0.27885972274881515 0.5132865372340425 0.27923041943127963 0.5115353173758865 0.2690107417061611 0.503143604609929
1 0 0.5053716808510639 0.023237127962085307 0.5081254539007093 0.023607824644549764 0.5063742340425532 0.03062930568720379 0.5072063315602837 0.031000004739336492 0.5054551117021276 0.05477563981042654 0.5064775514184398 0.055146336492890996 0.5047263315602837 0.06450831042654029 0.5058357960992907 0.06759020142180094 0.5026107216312057 0.07461168246445497 0.5034428191489362 0.07498237914691944 0.5016915992907802 0.06796089810426541 0.5008595 0.06833159715639811 0.499108280141844 0.05428863507109005 0.49744408333333334 0.0546593317535545 0.4956928634751773 0.05034904265402843 0.49338690957446807 0.0433275616113744 0.49255481205673757 0.04369825829383886 0.49080359219858155 0.03199579146919431 0.48941676063829787 0.03236648815165877 0.48766554078014185 0.01598303317535545 0.4857239787234043 0.015612334123222748 0.4874751985815603 0.003909867298578199 0.48608836879432626 0 0.48701441666666667 0 0.5053716808510639