2 0.46518086403508774 0.6613976196721311 0.4757714934210526 0.6513349836065574 0.4290052916666667 0.6051349049180328 0.4078759583333333 0.6017883721311476 0.3866946995614035 0.6219136442622951 0.3912541666666667 0.6379488508196721 0.4518545526315789 0.661839131147541 0.46518086403508774 0.6613976196721311
2 0.6395830197368421 0.7543557426229508 0.6640905789473684 0.7538135573770492 0.6708470350877193 0.7460361196721312 0.6630959407894738 0.718776268852459 0.6530131864035088 0.7069706196721312 0.6192000921052631 0.6905557557377049 0.5985267061403509 0.6888127426229508 0.6148061140350877 0.738181044262295 0.6395830197368421 0.7543557426229508
2 0.772028375 0.5657140540983606 0.8212609100877193 0.6048183721311475 0.8410224013157894 0.6033543426229508 0.8246910657894737 0.5774578475409836 0.7670129605263157 0.5480753262295082 0.7238943333333334 0.5147034131147541 0.7122571359649124 0.5132005672131148 0.7230651842105262 0.5433266196721311 0.7535000504385965 0.5636302032786885 0.772028375 0.5657140540983606
2 0.5327762346491228 0.6389252934426229 0.5503926644736842 0.6378021032786885 0.5550040592105263 0.6303655032786886 0.4811292916666667 0.5834449295081967 0.4599999605263158 0.5800983967213115 0.43471517982456137 0.5857919836065574 0.4374508596491228 0.5954131065573771 0.48673532456140356 0.6110456196721311 0.5327762346491228 0.6389252934426229
2 0.7154162478070175 0.8160488426229507 0.7536541359649123 0.8401404704918033 0.7571131666666667 0.8412668163934427 0.7771694824561403 0.8380799737704918 0.7728250065789474 0.8287144786885245 0.7292504320175439 0.793739044262295 0.6920591118421053 0.7812129 0.7154162478070175 0.8160488426229507
2 0.929271745614035 0.31447320327868855 0.9450124605263158 0.33040773770491805 0.9641487149122807 0.33462961475409836 0.9565576030701755 0.30793240491803275 0.9541005789473684 0.30717609672131146 0.929271745614035 0.31447320327868855
2 0.5145286600877192 0.4407085540983607 0.4819795504385965 0.4760478639344263 0.4834820635964912 0.4892168672131147 0.4908291381578947 0.49140139180327863 0.5205906403508772 0.46991276393442627 0.5145286600877192 0.4407085540983607
2 0.5042284868421053 0.38871421475409834 0.5174201228070175 0.37991426065573775 0.5295651951754387 0.3595488229508197 0.5255963464912281 0.3534755786885246 0.5007675131578947 0.3607726868852459 0.48602143640350876 0.3798754426229508 0.48830116885964914 0.3878930459016393 0.5042284868421053 0.38871421475409834
2 0.26398170833333334 0.4268881655737705 0.25247918421052634 0.43374376065573766 0.26926646710526314 0.4612437770491803 0.2855150570175438 0.45531002459016395 0.27789863815789473 0.4364086147540983 0.26398170833333334 0.4268881655737705
2 0.8328364736842105 0.4957171114754098 0.8347949320175438 0.5104896377049181 0.8519034890350877 0.5312347327868853 0.8699758662280702 0.5317150622950819 0.8672401864035088 0.5220939393442623 0.8328364736842105 0.4957171114754098
2 0.34553623026315794 0.2563885704918033 0.3245415701754386 0.2614004803278689 0.33430305263157895 0.2799610491803279 0.3395050657894737 0.2824864131147541 0.3543858179824561 0.2717421 0.34553623026315794 0.2563885704918033