0 0.5189737511210762 0.6324269832214765 0.6307243139013453 0.6878951560402685 0.6702158542600897 0.7016058104026845 0.6804677242152467 0.6982110016778523 0.6839983452914798 0.6867670587248322 0.621484004484305 0.6656349244966443 0.5220084282511211 0.5554618624161074 0.5156243699551569 0.5388610469798658 0.45681065022421524 0.4908164580536913 0.44370253139013455 0.48855185067114093 0.4988100089686099 0.6082795788590604 0.5189737511210762 0.6324269832214765
0 0.8160966995515695 0.6389874127516778 0.8547438699551569 0.6852699379194631 0.8868397892376682 0.7080348187919463 0.9130560246636771 0.7125640352348994 0.9138975852017938 0.702377505033557 0.7147792466367713 0.47511455201342284 0.6952898789237668 0.43386378523489927 0.6235408520179372 0.34570073489932884 0.6190014798206278 0.3604143775167785 0.6383208497757847 0.4171336543624161 0.7260286210762331 0.5579914127516779 0.779798596412556 0.6223844932885906 0.8160966995515695 0.6389874127516778
0 0.7093898834080717 0.5671707500000001 0.6902292690582961 0.5845243305369128 0.7129148834080717 0.6004974899328859 0.7408114304932736 0.6070389899328859 0.7646757914798207 0.6042739395973155 0.7435033004484305 0.5833962332214765 0.7093898834080717 0.5671707500000001
1 0.9471919282511211 0.5497067802013423 0.8866894641255606 0.5668059345637584 0.8431601188340807 0.5885594144295302 0.8742500986547086 0.5922086510067115 0.9628191076233185 0.5661824848993289 0.9776103475336322 0.548074033557047 0.9471919282511211 0.5497067802013423
0 0.37610509865470854 0.7971629983221477 0.45290349327354257 0.8242068741610739 0.4828147264573991 0.8465943187919464 0.4925622219730942 0.8448343590604027 0.4729028565022421 0.819052105704698 0.436437562780269 0.795532355704698 0.260157970852018 0.7030861040268456 0.21612986995515696 0.6817037483221476 0.16235146412556054 0.6844666963087249 0.20217738116591927 0.7120110117449665 0.37610509865470854 0.7971629983221477
0 0 0.6241202516778523 0.0568177735426009 0.6386825083892617 0.11512992825112107 0.6659766040268457 0.17008427130044843 0.6668607902684563 0.09916837219730942 0.6356672365771812 0 0.6097637315436241 0 0.6241202516778523
0 0.34406539013452914 0.3266912734899329 0.3544844461883408 0.3302132953020134 0.36423475112107623 0.30606799328859063 0.4289444058295964 0.10372111912751679 0.4180384506726457 0.10183696644295302 0.4066106457399103 0.10158464261744966 0.3903062825112108 0.12459763926174497 0.3743278632286996 0.22860032718120804 0.34406539013452914 0.3266912734899329
1 0.9388212847533632 0.29340659563758387 0.9509234641255606 0.27655556040268453 0.9279090964125561 0.20197805369127517 0.9201363430493273 0.18858129530201342 0.8776169932735426 0.18123549161073824 0.8781656883408072 0.19166220805369127 0.9010128677130045 0.2593228825503356 0.9267219170403587 0.2878722902684564 0.9388212847533632 0.29340659563758387
0 0.07399742376681614 0.3368588724832215 0.09382678923766816 0.3471726157718121 0.10038084753363229 0.3483049194630872 0.10357428251121077 0.34541265604026844 0.10407865695067264 0.34377780704697986 0.10189397085201793 0.34340037248322147 0.10592896860986548 0.33032158053691274 0.10256834529147983 0.32629701174496645 0.09382959865470851 0.3247872734899329 0.09433397309417041 0.32315242449664433 0.07282429820627802 0.3108263976510067 0.0666074260089686 0.30114241442953016 0.06274242825112107 0.29875269463087245 0.049634311659192826 0.29648808724832215 0.045221033632286994 0.3107930167785235 0.06072211883408072 0.32767743456375836 0.07399742376681614 0.3368588724832215
0 0.12224738340807176 0.19538187080536915 0.11670207399103139 0.19097986912751677 0.11014801569506727 0.18984756375838927 0.11065239013452914 0.18821271476510068 0.09317490134529147 0.18519323825503356 0.09367927578475337 0.18355838926174498 0.08480139237668162 0.18249964261744966 0.08103376457399103 0.19471180369127516 0.12174300896860986 0.19701671979865773 0.12224738340807176 0.19538187080536915
0 0.41394443273542597 0.5850079463087249 0.49712969730941703 0.6062672953020134 0.48419157847533634 0.5885341761744967 0.3653797713004484 0.5559538909395974 0.31681230044843045 0.549285177852349 0.41394443273542597 0.5850079463087249
0 0.32572104260089685 0.5353264060402684 0.3003463699551569 0.5206106610738255 0.21396766816143498 0.5022435755033557 0.1726286278026906 0.4796038053691275 0.07179868609865471 0.4484081493288591 0.08574555381165919 0.4628715704697987 0.23950953139013453 0.5238761526845638 0.29530262331838564 0.5369591510067114 0.32572104260089685 0.5353264060402684
0 0.6897473811659194 0.4070764412751678 0.6994948744394619 0.40531648154362415 0.7132829865470852 0.34570704530201346 0.7329507825112108 0.30433327181208053 0.7663982600896861 0.2705060889261745 0.7864032443946188 0.22058063590604027 0.7766557511210762 0.2223405956375839 0.7643835717488789 0.254660144295302 0.709420798206278 0.32093198489932884 0.6910961255605381 0.3728697214765101 0.6897473811659194 0.4070764412751678
0 0.5749677578475336 0.3838027063758389 0.5220252937219731 0.4211498087248322 0.5131165493273543 0.4351085805369127 0.5310984125560538 0.4364932097315436 0.603705865470852 0.38015767617449664 0.5884130627802691 0.3775156342281879 0.5749677578475336 0.3838027063758389
0 0.6480739641255606 0.3706030100671141 0.6662230156950673 0.37890446812080536 0.6838733161434978 0.3440700922818792 0.657824269058296 0.3464577080536913 0.6450505269058296 0.35802676174496645 0.6480739641255606 0.3706030100671141
0 0.6411770986547085 0.42279307046979864 0.6337842892376682 0.4094619530201342 0.6179786793721973 0.47561078691275166 0.6215064887892376 0.48655218456375837 0.6411770986547085 0.42279307046979864