2 0.7710321392405063 0.8408943844936708 0.7367475822784809 0.832997417721519 0.6976324177215191 0.806461960443038 0.6670871983122364 0.7964079620253165 0.6509222004219409 0.8003764731012659 0.667775917721519 0.8156502784810127 0.7531405590717299 0.8547859667721519 0.806349776371308 0.8776548259493672 0.8356873438818565 0.8830492025316455 0.8657136329113924 0.9076858955696202 0.8929802573839662 0.9133821851265822 0.8897598523206751 0.9009565253164558 0.7710321392405063 0.8408943844936708
2 0.8150990717299579 0.8119035664556963 0.8003744873417721 0.7882598971518987 0.6760692552742615 0.6983849003164557 0.601117523206751 0.6496716962025316 0.580868829113924 0.646176082278481 0.5727014367088608 0.631247832278481 0.547908305907173 0.6268028370253165 0.5469286329113924 0.6479002753164558 0.6091685358649789 0.6807358481012659 0.7574036075949367 0.7800173765822784 0.786566605485232 0.8096156044303797 0.8084255 0.8193240490506329 0.8247602869198312 0.8491805490506329 0.8421911265822785 0.8418037088607595 0.8356921244725738 0.825020338607595 0.8150990717299579 0.8119035664556963
2 0.6929181919831223 0.7716875680379747 0.6743378902953587 0.7663368338607595 0.6537448375527426 0.7532200632911392 0.6355670864978903 0.7494225363924051 0.6297568080168776 0.7518814825949367 0.6313670105485232 0.7580943132911393 0.6395925928270043 0.7649546123417722 0.6589779957805907 0.7734117610759493 0.6733000274261602 0.7955022231012658 0.6976324177215191 0.806461960443038 0.7104606286919831 0.8062036914556963 0.7204709852320674 0.7950729683544303 0.7180556814345991 0.7857537215189874 0.7151796371308017 0.7829492199367089 0.6929181919831223 0.7716875680379747
2 0.6638715738396624 0.7259534382911392 0.6391366329113924 0.7134404920886076 0.6329238037974683 0.7143462310126583 0.6325212531645569 0.7127930237341772 0.6283793670886075 0.7133968496835443 0.6316579620253164 0.7177545585443038 0.6337289050632912 0.7174526455696203 0.6365467594936709 0.7283250981012659 0.650926983122363 0.7423476091772152 0.6768695759493671 0.7595201787974684 0.6810114620253165 0.7589163528481012 0.6822773037974684 0.7555080237341772 0.6786543481012658 0.7415291566455696 0.6765834050632912 0.7418310696202532 0.6749732025316456 0.7356182389240506 0.6638715738396624 0.7259534382911392
2 0.5311032151898734 0.7195188069620253 0.4877297848101266 0.7097230791139241 0.41599845780590716 0.6734355348101266 0.32309695358649787 0.6466818639240507 0.30612685654008437 0.647543960443038 0.34432053797468354 0.6871089034810127 0.41248710126582283 0.701349628164557 0.48140057383966245 0.7267647183544304 0.5099330400843882 0.7290526803797469 0.5503722362869199 0.7441118591772152 0.5581952700421942 0.7494189493670885 0.5609549324894514 0.7683593544303797 0.5716540105485232 0.7764709477848102 0.6170983860759494 0.7859647642405063 0.6287189451476793 0.7810468702531645 0.6217592046413503 0.7707782436708861 0.5311032151898734 0.7195188069620253
2 0.3404648206751055 0.705401838607595 0.13710981434599157 0.7334361028481012 0.09103012869198311 0.7546608813291139 0.09925571097046414 0.7615211803797468 0.23720382067510548 0.7381865965189873 0.3634731793248945 0.7278378560126582 0.4608609282700422 0.7636088591772152 0.49232763080168773 0.760633371835443 0.48496533966244726 0.7488115379746836 0.3404648206751055 0.705401838607595
2 0.5201131856540084 0.7517469683544303 0.5097584683544304 0.7532565332278481 0.5064216835443038 0.7569667737341772 0.5038900000000001 0.7637834303797468 0.5046951012658228 0.7668898449367089 0.5075711455696202 0.7696943481012658 0.5145890759493671 0.7718950237341772 0.5373694535864979 0.7685739810126583 0.5369669029535865 0.7670207737341772 0.5431797341772152 0.7661150348101267 0.5448481265822785 0.7642599145569621 0.5411669810126583 0.758348996835443 0.5201131856540084 0.7517469683544303
2 0.24796586919831223 0.6802013765822785 0.24756331856540084 0.6786481693037975 0.19371878902953585 0.6864979050632911 0.15149482067510547 0.6894297500000001 0.1361349240506329 0.6965046756329113 0.1298639029535865 0.7054783655063291 0.13107155485232067 0.7101379889240507 0.13808948734177218 0.712338664556962 0.20286495147679326 0.6996715712025317 0.23087939029535864 0.6971993734177215 0.23128194092827004 0.6987525806962025 0.2582042067510549 0.694827713607595 0.264877776371308 0.6874072310126582 0.2587231371308017 0.6802450189873418 0.24796586919831223 0.6802013765822785
2 0.2626952341772152 0.6458161819620253 0.23577297046413503 0.6497410506329114 0.21966616455696203 0.6456416107594937 0.14016521308016877 0.6540078892405063 0.0971943312236287 0.6457653670886077 0.07936094092827005 0.6515889984177214 0.08344463924050634 0.6590531234177215 0.10703011814345992 0.658838496835443 0.12808391139240505 0.6654405253164557 0.15540872784810125 0.6630688639240506 0.1690420400843882 0.6659170094936709 0.21667373839662446 0.6589730110759493 0.22162072573839664 0.6614755996835443 0.23859082489451477 0.660613503164557 0.2533735991561181 0.6761892215189873 0.2827111666666666 0.6815835981012658 0.294734276371308 0.6782189129746835 0.28662507383966246 0.6552227136075949 0.2626952341772152 0.6458161819620253
2 0.4918764535864979 0.6510903892405063 0.46840735443037973 0.635169115506329 0.45345000843881855 0.6437972484177216 0.3759084029535865 0.6099686518987342 0.1860217004219409 0.5489971867088608 0.13367577426160338 0.521166792721519 0.1088244535864979 0.5247897468354431 0.11083720675105485 0.5325557848101267 0.14834216877637132 0.552878411392405 0.2436007848101266 0.5970192784810127 0.38436196624472574 0.6425860110759494 0.43590278902953583 0.6673099905063291 0.46397451687763713 0.6761126946202531 0.47392668143459915 0.6730499224683544 0.47732165822784806 0.6612717310126582 0.49222081223628694 0.6607115474683545 0.5260446286919831 0.675123256329114 0.5407110210970465 0.7068348765822785 0.5485922447257383 0.7040740174050633 0.5511821202531646 0.6891894098101266 0.5785069345991561 0.68681775 0.5303610864978903 0.650315579113924 0.4918764535864979 0.6510903892405063
2 0.9488518839662446 0.7392118971518987 0.9355629324894515 0.7459849098101266 0.9338945400843882 0.7478400300632911 0.9351021919831224 0.7524996534810127 0.9330312468354431 0.7528015664556963 0.9280260696202532 0.7583669272151898 0.928831170886076 0.7614733433544304 0.9313046645569619 0.7627246376582278 0.9520140991561181 0.7597055079113924 0.9516115485232067 0.7581523006329114 0.9598953227848102 0.7569446487341772 0.9615637151898735 0.7550895284810127 0.9587458607594936 0.7442170743670886 0.9529937721518987 0.7386080712025316 0.9488518839662446 0.7392118971518987
2 0.5734826308016877 0.9244985632911392 0.4307039135021097 0.9291946566455697 0.4232252426160338 0.9335087246835444 0.4214986582278481 0.9434317958860758 0.42725074894514764 0.9490407990506329 0.44088406118143464 0.9518889446202531 0.48932086075949366 0.9480513623417721 0.565426835443038 0.9514632753164557 0.5923491012658229 0.9475384066455697 0.6077089957805907 0.9404634810126583 0.6081697362869198 0.9339487373417721 0.5933287721518987 0.9264409699367088 0.5734826308016877 0.9244985632911392
2 0.9761376350210971 0.5127927325949367 0.9657829177215189 0.5143022974683544 0.9624461329113925 0.518012539556962 0.9595118966244727 0.5232759873417722 0.9615246497890295 0.5310420253164557 0.9644006962025317 0.5338465284810127 0.9755605147679325 0.535443378164557 0.9784947489451477 0.5301799287974683 0.9839024767932489 0.5261677753164556 0.9826948248945148 0.5215081518987341 0.98062388185654 0.5218100648734176 0.9786111286919831 0.5140440284810127 0.9761376350210971 0.5127927325949367
2 0.8906613966244725 0.43176408386075954 0.8844485654008438 0.43266982278481014 0.8827801729957805 0.4345249430379746 0.8839878248945148 0.43918456487341767 0.8926159599156118 0.44759807120253164 0.9049834303797468 0.45385454430379746 0.9111962594936709 0.45294880537974685 0.9128646518987341 0.45109368512658227 0.9112544493670887 0.4448808544303797 0.9038339683544304 0.44112697151898733 0.8952058333333334 0.43271346518987347 0.8906613966244725 0.43176408386075954
2 0.9283409282700421 0.4278828575949367 0.9270750864978903 0.43129118512658227 0.9294903902953586 0.44061043037974684 0.9315613333333334 0.4403085174050633 0.9335740864978903 0.4480745553797468 0.935645029535865 0.44777264240506326 0.9368526814345992 0.4524322658227848 0.9393261751054852 0.45368356012658223 0.9455390063291139 0.4527778212025316 0.9403058481012658 0.4325861234177215 0.9345537594936708 0.42697711867088606 0.9283409282700421 0.4278828575949367
2 0.91039594092827 0.39181352689873417 0.9058515021097046 0.39086414556962024 0.9037805590717299 0.3911660585443038 0.902514717299578 0.39457438765822783 0.9070009641350211 0.40359171993670884 0.914421447257384 0.4073456028481013 0.9164923902953587 0.40704368987341777 0.9177582320675105 0.4036353623417721 0.9132719852320675 0.39461803006329116 0.91039594092827 0.39181352689873417
2 0.3522161054852321 0.510261454113924 0.346003276371308 0.5111671930379746 0.3456007257383966 0.5096139857594937 0.3290331772151899 0.512029289556962 0.3273647848101266 0.5138844098101266 0.32857243670886077 0.5185440332278481 0.3314484810126582 0.5213485348101266 0.3438159514767932 0.5276050079113924 0.348360388185654 0.5285543892405064 0.35457321940928266 0.5276486503164557 0.35497577004219405 0.5292018591772152 0.36533048734177215 0.5276922943037975 0.36573303797468354 0.5292455015822785 0.39138945991561186 0.528728960443038 0.39098690928270047 0.5271757531645569 0.38149548312236287 0.5237237816455697 0.37861943881856536 0.5209192800632911 0.3687254620253165 0.5159141012658227 0.3522161054852321 0.510261454113924
2 0.46082186497890293 0.5395613575949366 0.44224156329113923 0.5342106234177215 0.4380996772151899 0.5348144493670886 0.43970987974683545 0.5410272800632911 0.4454619683544304 0.5466362832278481 0.46524992194092823 0.5566466408227848 0.4739362447257384 0.5569921962025316 0.4731311434599156 0.5538857816455696 0.4710602004219409 0.5541876946202532 0.46944999789029535 0.5479748639240506 0.46082186497890293 0.5395613575949366