2 0.8675601361702128 0.38903442332268373 0.7607110659574468 0.40010711022364215 0.7472623744680852 0.40369564536741215 0.7438540914893617 0.4114286501597444 0.8164331914893617 0.413291142172524 0.8942356510638297 0.3963218674121406 0.9364716574468085 0.40021545686900956 0.9717788127659575 0.38093813099041535 0.8947168148936171 0.3802718178913738 0.8675601361702128 0.38903442332268373
2 0.7418171489361702 0.4369919217252396 0.7133639872340425 0.4536822124600639 0.832846429787234 0.4308986261980831 0.855260914893617 0.4249177364217253 0.8631520957446809 0.415988552715655 0.8217314063829787 0.4202173274760383 0.7418171489361702 0.4369919217252396
2 0.8540365872340425 0.3668650079872205 0.8408846212765958 0.38174697923322687 0.8741548319148936 0.3880329249201278 0.9208363085106384 0.3778513610223642 0.9039044765957447 0.3634149504792332 0.8698563744680851 0.36188561501597444 0.8540365872340425 0.3668650079872205
2 0.6588260574468086 0.39393357028753995 0.6572702787234043 0.4034467923322684 0.7045077744680851 0.40297312939297125 0.7411488404255319 0.3886470942492013 0.6857234404255319 0.38675650319488813 0.6588260574468086 0.39393357028753995
2 0.6475640234042553 0.42347473482428116 0.6394135468085106 0.43398945527156546 0.6742769659574468 0.4436411549520767 0.7109554617021276 0.4421940942492013 0.7270345468085107 0.43562916613418534 0.7304054000000001 0.41501718530351434 0.7053230936170213 0.41109549361022363 0.6723496063829788 0.4161029872204473 0.6475640234042553 0.42347473482428116
2 0.5593870021276597 0.4121271230031949 0.5567566085106384 0.415103517571885 0.5564973127659575 0.41668905591054317 0.5636480319148937 0.42539545846645366 0.5589058382978723 0.42817717252396165 0.5583872446808511 0.43134824760383383 0.576874855319149 0.4362714361022364 0.5895456574468085 0.4374395127795527 0.5940285531914894 0.4362433354632588 0.6106262319148936 0.42650733226837056 0.618258114893617 0.41916368530351433 0.6166649085106384 0.4157979329073483 0.6082177063829788 0.415019214057508 0.6084770021276596 0.41343367731629393 0.5979180021276596 0.41246027955271564 0.5981772978723404 0.41087474281150155 0.5918418957446808 0.41029070447284344 0.5921011936170213 0.4087051677316294 0.5815421914893617 0.4077317699680511 0.5812828957446808 0.4093173067092652 0.5749474936170212 0.40873326837060703 0.5593870021276597 0.4121271230031949
2 0.6043656872340426 0.4516812444089457 0.6035877978723404 0.45643785463258785 0.6141468 0.45741125239616615 0.6231125936170212 0.4550188961661342 0.6257429872340425 0.45204250159744414 0.6244090765957446 0.4470912108626198 0.615961874468085 0.4463124936102236 0.6091078808510638 0.4488995287539936 0.6043656872340426 0.4516812444089457
2 0.534120255319149 0.4355489201277955 0.5246358680851064 0.44111235143769967 0.5178193021276596 0.45657836102236427 0.5157075021276596 0.45638368210862623 0.5191532127659575 0.46152965175718846 0.5270818212765958 0.46547944408945685 0.5313054234042554 0.465868803514377 0.544754114893617 0.46228026837060704 0.5450134106382978 0.46069473162939295 0.5513488106382979 0.4612787699680511 0.5516081085106382 0.4596932332268371 0.5706143106382978 0.46144534824281147 0.6041063914893617 0.4532667811501597 0.6091078808510638 0.4488995287539936 0.6096264744680852 0.44572845527156546 0.6059214659574469 0.44216802236421726 0.5942878510638298 0.4346577971246006 0.5879524489361702 0.43407375878594245 0.5882117468085106 0.4324882220447284 0.579764544680851 0.4317095047923323 0.5800238404255319 0.43012396805111824 0.5631294382978723 0.4285665319488818 0.5628701425531915 0.43015206869009587 0.5544229404255319 0.42937335143769967 0.534120255319149 0.4355489201277955
2 0.4814749617021276 0.4821978354632588 0.47543628510638297 0.49290723482428117 0.4577639936170213 0.496106410543131 0.4277176255319149 0.509430947284345 0.4235314531914894 0.5219205638977635 0.37748085531914893 0.567567980830671 0.3656628 0.5874012428115016 0.3672560085106383 0.5907669968051118 0.38466900425531914 0.589153357827476 0.40808324680851066 0.5639513450479233 0.4570609617021276 0.5266209728434506 0.5350478595744681 0.48230821086261977 0.536085044680851 0.4759660638977635 0.5302682361702128 0.4722109504792332 0.5046673361702128 0.47146033386581465 0.4814749617021276 0.4821978354632588
2 0.3344642574468085 0.47669263738019163 0.1967535 0.4929674968051118 0.1714493255319149 0.5035103194888179 0.042741791489361705 0.5302717971246007 0.04251992340425532 0.5447363099041533 0.11558018723404255 0.530548750798722 0.12684241914893618 0.5315869776357827 0.19003693404255317 0.5236825191693291 0.07219741276595744 0.5860987492012779 0.04322565744680851 0.6059601134185304 0.03692768510638298 0.6182550495207668 0.058304985106382975 0.6186163067092652 0.10202191276595744 0.5872387236421726 0.249466314893617 0.523582784345048 0.1837066 0.5680667188498402 0.1979056744680851 0.6170006389776358 0.21509680212765955 0.6298515127795526 0.23376885106382977 0.6074312156549521 0.23973267021276598 0.5709638642172524 0.289785 0.5401703194888179 0.3068638425531915 0.514384266773163 0.38436957446808506 0.4861215559105431 0.4307917531914894 0.47752552875399357 0.4695071914893617 0.450515196485623 0.4544652936170213 0.4507379776357827 0.3344642574468085 0.47669263738019163
2 0 0.6196791373801918 0.0023609914893617024 0.6198967891373802 0.028702353191489362 0.6030118194888179 0.02948024255319149 0.5982552092651757 0.031592042553191486 0.5984498881789138 0.03185133829787234 0.5968643514376997 0.014956936170212765 0.5953069153354632 0.014697640425531915 0.5968924520766773 0.00836223829787234 0.5963084137380191 0.00810294255319149 0.5978939504792332 0.001767540425531915 0.597309912140575 0.0015082446808510638 0.5988954488817891 0 0.5987564089456868 0 0.6196791373801918
2 0.5343768489361702 0.34222501916932907 0.5335989595744681 0.34698163099041535 0.5526051617021277 0.3487337460063898 0.5523458659574468 0.3503192827476038 0.5650166680851064 0.35148735942492015 0.5652759638297873 0.34990182268370607 0.5758349659574468 0.35087522044728436 0.5953597617021277 0.34945626038338656 0.5956190574468085 0.34787072364217253 0.601954459574468 0.34845476198083064 0.6024730510638298 0.3452836884984026 0.6006205489361702 0.3435034712460064 0.5858379468085106 0.3421407156549521 0.5860972425531915 0.34055517891373804 0.5776500404255319 0.3397764600638978 0.5779093382978724 0.3381909233226837 0.5567913340425532 0.3362441293929712 0.5436019404255319 0.33824712619808306 0.5343768489361702 0.34222501916932907
2 0.6726061978723404 0.3227790862619808 0.6718283085106382 0.32753569648562303 0.7074696191489361 0.3324307843450479 0.7248826127659573 0.3308171469648562 0.7364788021276596 0.3254483961661342 0.7367380978723405 0.3238628594249201 0.7251419106382978 0.32923161022364217 0.7198436957446808 0.3223054233226837 0.7201029914893616 0.32071988658146966 0.6947613872340426 0.3183837332268371 0.6945020914893617 0.3199692699680511 0.6881666893617021 0.319385231629393 0.6726061978723404 0.3227790862619808