1 0.010416666666666666 0.6328125 0.10416666666666667 0.6421875 0.2625 0.640625 0.3416666666666667 0.6515625 0.6541666666666667 0.6578125 0.6958333333333333 0.65625 0.7125 0.64375 0.7104166666666667 0.6359375 0.6 0.6 0.34791666666666665 0.603125 0.25902708333333335 0.615625 0.014583333333333334 0.6140625 0.00625 0.615625 0.010416666666666666 0.6328125
1 0.5395833333333333 0.5828125 0.5395833333333333 0.5765625 0.5291666666666667 0.575 0.35208333333333336 0.56875 0.0375 0.565625 0.0020833333333333333 0.5546875 0 0.5734375 0.5395833333333333 0.5828125
1 0.3375 0.60625 0.3458333333333333 0.5953125 0.33958333333333335 0.590625 0.31875 0.5984375 0.3145833333333333 0.6046875 0.3375 0.60625
1 0.7375 0.6578125 0.7854166666666667 0.659375 0.7854166666666667 0.640625 0.7625 0.634375 0.7375 0.640625 0.7375 0.6578125
1 0.34375 0.5109375 0.7854166666666667 0.4703125 0.7875 0.4609375 0.825 0.459375 0.8354166666666667 0.45 0.8083333333333333 0.4453125 0.6645833333333333 0.4453125 0.6104166666666667 0.4265625 0.5645833333333333 0.4296875 0.4166666666666667 0.4609375 0.3145833333333333 0.503125 0.26666666666666666 0.5125 0.22083333333333333 0.53125 0.34375 0.5109375
1 0.2708333333333333 0.865625 0.29375 0.8421875 0.35 0.7140625 0.3333333333333333 0.715625 0.28125 0.7625 0.24791666666666667 0.8203125 0.2375 0.853125 0.2708333333333333 0.865625
1 0.3645833333333333 0.68125 0.37083333333333335 0.6609375 0.36041666666666666 0.659375 0.34375 0.675 0.3375 0.7 0.3645833333333333 0.68125
1 0.9125 0.4578125 0.9166666666666666 0.4703125 0.91875 0.471875 0.9270833333333334 0.471875 0.9270833333333334 0.4703125 0.9333333333333333 0.4703125 0.9375 0.46875 0.9416666666666667 0.4625 0.9458333333333333 0.459375 0.9458333333333333 0.4515625 0.9416666666666667 0.4484375 0.9333333333333333 0.4453125 0.9270833333333334 0.4453125 0.9270833333333334 0.44375 0.9208333333333333 0.44375 0.9166666666666666 0.4453125 0.9125 0.45 0.9125 0.4578125
1 0.85 0.4421875 0.8541666666666666 0.4453125 0.8583333333333333 0.4453125 0.8625 0.4421875 0.8625 0.434375 0.8583333333333333 0.4296875 0.8520833333333333 0.4296875 0.85 0.43125 0.85 0.4421875
1 0.9 0.4390625 0.9041666666666667 0.44375 0.9125 0.44375 0.9166666666666666 0.440625 0.9166666666666666 0.4359375 0.9145833333333333 0.4328125 0.9 0.4328125 0.9 0.4390625
1 0.7708333333333334 0.4375 0.7729166666666667 0.4390625 0.78125 0.4390625 0.7833333333333333 0.4375 0.7833333333333333 0.4328125 0.78125 0.43125 0.7729166666666667 0.43125 0.7708333333333334 0.4328125 0.7708333333333334 0.4375
1 0.875 0.4609375 0.8770833333333333 0.4625 0.88125 0.4625 0.8854166666666666 0.459375 0.8854166666666666 0.4578125 0.88125 0.4546875 0.875 0.4546875 0.875 0.4609375