0 0.16458333333333333 0.515625 0.21666666666666667 0.4109375 0.26875 0.2296875 0.3104166666666667 0.134375 0.2833333333333333 0.15 0.2708333333333333 0.1765625 0.09166666666666666 0.625 0.08958333333333333 0.640625 0.16458333333333333 0.515625
1 0.48125 0.75625 0.5270833333333333 0.6875 0.5916666666666667 0.5 0.5895833333333333 0.4671875 0.49375 0.6609375 0.46875 0.7390625 0.48125 0.75625
1 0.3458333333333333 0.9984375 0.3854166666666667 0.9984375 0.4041666666666667 0.9671875 0.42916666666666664 0.8734375 0.475 0.7890625 0.4583333333333333 0.771875 0.44583333333333336 0.7796875 0.39791666666666664 0.9046875 0.3458333333333333 0.9984375
1 0.40625 0.359375 0.4479166666666667 0.490625 0.475 0.5359375 0.49375 0.54375 0.5145833333333333 0.575 0.53125 0.5828125 0.5333333333333333 0.575 0.5 0.5125 0.44375 0.4265625 0.40208333333333335 0.3125 0.38958333333333334 0.2984375 0.38333333333333336 0.3 0.38125 0.3125 0.40625 0.359375
1 0.18333333333333332 0 0.18333333333333332 0.29375 0.19166666666666668 0.3234375 0.20833333333333334 0.328125 0.22083333333333333 0.309375 0.2125 0 0.18333333333333332 0
0 0.12291666666666666 0.765625 0.13958333333333334 0.675 0.14583333333333334 0.5765625 0.1375 0.5828125 0.11041666666666666 0.7015625 0.10208333333333333 0.7625 0.12291666666666666 0.765625
0 0.45208333333333334 0.7578125 0.45208333333333334 0.7296875 0.3333333333333333 0.6421875 0.33125 0.6609375 0.45208333333333334 0.7578125
0 0.23333333333333334 0.5765625 0.2708333333333333 0.6 0.26875 0.584375 0.20416666666666666 0.5328125 0.2 0.5359375 0.23333333333333334 0.5765625
1 0.5020833333333333 0.06875 0.5916666666666667 0.240625 0.6270833333333333 0.3453125 0.6541666666666667 0.4875 0.6854166666666667 0.528125 0.6875 0.5078125 0.65625 0.3546875 0.6333333333333333 0.275 0.5541666666666667 0.0796875 0.5104166666666666 0.0125 0.48541666666666666 0.0125 0.5020833333333333 0.06875
1 0.73125 0.790625 0.7479166666666667 0.7953125 0.7604166666666666 0.815625 0.70625 0.6015625 0.6666666666666666 0.5453125 0.71875 0.778125 0.73125 0.790625
0 0.9270833333333334 0 0.9166666666666666 0.0703125 0.9 0.35 0.9083333333333333 0.4546875 0.9208333333333333 0.4546875 0.9291666666666667 0.3671875 0.9354166666666667 0 0.9270833333333334 0
0 0.73125 0.39375 0.74375 0.4109375 0.7541666666666667 0.4125 0.7375 0.3234375 0.7145833333333333 0.278125 0.7333333333333333 0.128125 0.7166666666666667 0.1546875 0.7 0.221875 0.70625 0.3296875 0.73125 0.39375
0 0.5458333333333333 0.9609375 0.5416666666666666 0.9640625 0.525 0.9984375 0.5416666666666666 0.9984375 0.575 0.9359375 0.575 0.928125 0.5875 0.9 0.5875 0.8828125 0.5791666666666667 0.8796875 0.5729166666666666 0.8875 0.5708333333333333 0.9 0.5458333333333333 0.9609375
0 0.5979166666666667 0.8421875 0.60625 0.846875 0.6104166666666667 0.846875 0.6104166666666667 0.8421875 0.60625 0.8375 0.60625 0.821875 0.6083333333333333 0.821875 0.6104166666666667 0.8078125 0.6145833333333334 0.8046875 0.61875 0.790625 0.625 0.7859375 0.64375 0.7578125 0.6458333333333334 0.746875 0.6333333333333333 0.7484375 0.60625 0.790625 0.6020833333333333 0.80625 0.6 0.80625 0.5958333333333333 0.821875 0.59375 0.821875 0.5916666666666667 0.8359375 0.5979166666666667 0.8421875
0 0.46875 0.865625 0.4708333333333333 0.8671875 0.47708333333333336 0.8671875 0.48333333333333334 0.8640625 0.49583333333333335 0.8484375 0.50625 0.8265625 0.5125 0.81875 0.5125 0.8140625 0.5104166666666666 0.8140625 0.5104166666666666 0.809375 0.5083333333333333 0.8078125 0.5041666666666667 0.80625 0.5 0.8078125 0.49375 0.81875 0.48541666666666666 0.8265625 0.47291666666666665 0.85 0.46875 0.859375 0.46875 0.865625
0 0.5229166666666667 0.775 0.51875 0.78125 0.5229166666666667 0.790625 0.5291666666666667 0.7890625 0.56875 0.73125 0.56875 0.7265625 0.5729166666666666 0.725 0.5729166666666666 0.71875 0.575 0.71875 0.5791666666666667 0.709375 0.575 0.709375 0.5270833333333333 0.76875 0.5270833333333333 0.7734375 0.5229166666666667 0.775
0 0.5375 0.7703125 0.5354166666666667 0.7734375 0.5354166666666667 0.778125 0.55625 0.79375 0.5791666666666667 0.815625 0.5916666666666667 0.825 0.5958333333333333 0.825 0.6 0.815625 0.6 0.803125 0.5958333333333333 0.7984375 0.5645833333333333 0.771875 0.55 0.7625 0.5416666666666666 0.7625 0.5395833333333333 0.7640625 0.5395833333333333 0.7703125 0.5375 0.7703125
0 0.49375 0.75 0.49375 0.753125 0.49583333333333335 0.753125 0.49583333333333335 0.7578125 0.5208333333333334 0.7703125 0.5270833333333333 0.771875 0.5333333333333333 0.765625 0.5333333333333333 0.7609375 0.5354166666666667 0.7609375 0.5354166666666667 0.7546875 0.50625 0.7328125 0.5020833333333333 0.7328125 0.5 0.734375 0.49583333333333335 0.74375 0.49583333333333335 0.75 0.49375 0.75
0 0.4270833333333333 0.6703125 0.42916666666666664 0.6703125 0.42916666666666664 0.6796875 0.44375 0.7046875 0.45208333333333334 0.7125 0.45416666666666666 0.7328125 0.45625 0.7359375 0.4625 0.7359375 0.46875 0.728125 0.46875 0.7234375 0.4708333333333333 0.7234375 0.4708333333333333 0.715625 0.4375 0.675 0.42916666666666664 0.6671875 0.4270833333333333 0.6671875 0.4270833333333333 0.6703125
1 0.4 0.8296875 0.4 0.834375 0.39791666666666664 0.834375 0.39791666666666664 0.853125 0.4041666666666667 0.85625 0.4125 0.85625 0.41875 0.853125 0.42083333333333334 0.85 0.42083333333333334 0.8421875 0.42291666666666666 0.8421875 0.42291666666666666 0.83125 0.42083333333333334 0.83125 0.42083333333333334 0.8234375 0.41875 0.8234375 0.41875 0.81875 0.4166666666666667 0.815625 0.41458333333333336 0.815625 0.41458333333333336 0.80625 0.4125 0.80625 0.4125 0.8015625 0.41041666666666665 0.8015625 0.41041666666666665 0.80625 0.40625 0.8078125 0.40625 0.8140625 0.4041666666666667 0.8140625 0.40208333333333335 0.8296875 0.4 0.8296875