2 0.5903589804347826 0.38481446895424837 0.6012219239130435 0.3845293431372549 0.6095329369565218 0.37613628267973853 0.600435643478261 0.32078564705882356 0.5982630543478261 0.32084267156862745 0.5979595804347826 0.31431070588235294 0.5933109282608695 0.3078927908496732 0.5753232717391304 0.29528506045751635 0.5643844586956521 0.2939371960784314 0.5622877391304347 0.29562721241830064 0.5628946869565218 0.3086911454248366 0.5650672760869565 0.3086341192810458 0.5653707478260869 0.31516608496732024 0.5676192065217391 0.3167420522875817 0.5806547391304347 0.3163999003267974 0.5853792586956521 0.3244508071895425 0.5875518478260869 0.3243937810457517 0.5880346543478261 0.3816055114379085 0.5903589804347826 0.38481446895424837
2 0.48415041086956523 0.2993131160130719 0.4902129673913043 0.28934408986928106 0.4981446369565217 0.27278607352941175 0.49791703260869563 0.26788709967320257 0.5000896217391304 0.26783007352941174 0.4998620152173913 0.2629310996732026 0.5020346043478261 0.2628740735294117 0.5033726391304347 0.24485414215686271 0.5096628 0.23978409150326796 0.5196153217391304 0.21990306535947715 0.519311847826087 0.2133710996732026 0.5148149347826088 0.21021916666666668 0.5082971673913044 0.21039024346405227 0.5020828760869566 0.2170932843137255 0.5026139543478261 0.2285242254901961 0.49834464565217396 0.23027126797385622 0.49857225217391304 0.2351702434640523 0.4903371065217391 0.24519629248366015 0.4824054369565217 0.26175431045751635 0.4826330413043478 0.2666532843137255 0.4804604543478261 0.2667103104575163 0.4724529152173913 0.2816353349673203 0.4726805195652174 0.2865343104575164 0.4705079304347826 0.28659133496732025 0.4604795413043479 0.3048393692810457 0.4607071456521739 0.3097383431372549 0.46505232391304346 0.30962429248366014 0.48415041086956523 0.2993131160130719
2 0.47061139782608696 0.3356381062091503 0.47495657391304347 0.33552405555555553 0.4897853543478261 0.3269599215686274 0.5107525565217391 0.31005975326797386 0.5147942586956522 0.3034137352941177 0.5142631804347826 0.291982795751634 0.5097662652173913 0.28883086274509806 0.5054969565217392 0.29057790522875815 0.5034761043478261 0.2939009133986928 0.48879906304347825 0.30573103104575167 0.48887493260869563 0.307364022875817 0.4801845760869565 0.3075921241830065 0.4717976956521739 0.3143521911764706 0.4676801239130435 0.31936521732026146 0.46798359782608695 0.3258971830065359 0.4658110086956522 0.32595420751633986 0.4659627456521739 0.32922019117647056 0.4681353347826087 0.3291631666666667 0.4683629391304348 0.3340621405228758 0.47061139782608696 0.3356381062091503
2 0.572943752173913 0.19724854248366014 0.5903244608695652 0.19679233986928105 0.5945937695652174 0.1950452973856209 0.5943661652173913 0.19014632352941177 0.5849929934782608 0.1756775 0.5782476217391304 0.17094960130718953 0.5735989717391304 0.16453168627450981 0.5713505130434783 0.1629557205882353 0.564832747826087 0.163126795751634 0.5628118956521738 0.1664498039215686 0.5632671065217392 0.17624775326797384 0.5706952934782609 0.19567257679738562 0.572943752173913 0.19724854248366014
2 0.6314312369565217 0.28563744444444444 0.6422941804347827 0.285352318627451 0.6443909 0.28366230065359477 0.6440115586956522 0.27549734313725494 0.6418389695652174 0.27555436928104576 0.6416113630434783 0.2706553937908497 0.63711445 0.26750346078431375 0.6282723565217392 0.2644655800653595 0.6217545913043478 0.2646366552287581 0.6197337391304347 0.2679596633986928 0.6202648195652174 0.2793906045751634 0.6225891434782609 0.2825995620915033 0.6314312369565217 0.28563744444444444
2 0.5339682152173914 0.29473555065359475 0.5383892630434782 0.29625449183006536 0.5470796173913043 0.2960263905228758 0.5438448695652174 0.2732215326797386 0.5415964130434783 0.27164556699346404 0.5372512347826087 0.27175961764705886 0.537327104347826 0.2733926094771242 0.5308093369565218 0.2735636846405229 0.5287126173913044 0.2752537026143791 0.5266917652173913 0.27857671078431373 0.5269952391304348 0.28510867647058824 0.5291678282608696 0.28505165196078436 0.5293954326086956 0.28995062581699343 0.5339682152173914 0.29473555065359475
2 0.5310852152173913 0.2326818709150327 0.5397755695652174 0.23245376960784314 0.5418722891304348 0.23076375326797385 0.5416446847826087 0.22586477777777778 0.5438172739130435 0.22580775326797387 0.5433620630434782 0.21600980392156863 0.538865147826087 0.21285787091503267 0.5258296152173912 0.21320002287581696 0.5216361739130435 0.2165800571895425 0.5217879108695652 0.21984604084967319 0.5239604999999999 0.21978901470588233 0.5242639739130435 0.22632098039215687 0.5310852152173913 0.2326818709150327
2 0.5898209782608695 0.23277517973856207 0.5963387456521739 0.23260410294117648 0.5984354652173912 0.2309140866013072 0.5979802543478261 0.22111613725490195 0.5934833413043479 0.21796420424836602 0.5849447217391304 0.2214582892156863 0.5875725217391304 0.23119921241830066 0.5898209782608695 0.23277517973856207
2 0.4885025108695652 0.4398074133986928 0.5031036847826087 0.4263443039215686 0.5026484739130435 0.41654635457516337 0.5048210630434783 0.4164893300653595 0.5061590978260869 0.3984693970588235 0.5122216543478261 0.3885003725490196 0.5113871 0.37053746568627455 0.5090627760869565 0.3673285081699346 0.5068901869565218 0.36738553267973856 0.4985033043478261 0.3741455996732026 0.49438573260869567 0.37915862581699344 0.49461333913043476 0.38405759967320263 0.49244075 0.38411462581699346 0.48668166739130436 0.40061561764705883 0.4805432434782609 0.4089516503267974 0.48107432391304344 0.42038259150326795 0.47890173478260867 0.42043961601307195 0.47950868260869567 0.43350354901960786 0.47733609347826084 0.4335605751633987 0.47748783043478266 0.4368265571895425 0.4819847456521739 0.43997849019607843 0.4885025108695652 0.4398074133986928
2 0.47130113478260866 0.4909433790849674 0.4691285456521739 0.4910004052287582 0.4549825847826087 0.5142614640522877 0.45521018913043476 0.5191604395424836 0.45303760000000004 0.5192174640522875 0.45334107391304346 0.5257494297385621 0.47289437391304345 0.5252362026143791 0.47130113478260866 0.4909433790849674
2 0.534754497826087 0.3584792450980392 0.5411205260869566 0.35504218627450984 0.5405135804347826 0.3419782549019608 0.5360166652173913 0.33882632189542483 0.529498897826087 0.3389973986928105 0.5232087369565217 0.3440674477124183 0.5191670347826087 0.3507134656862745 0.5195463760869565 0.3588784232026144 0.5217948347826087 0.36045438888888887 0.534754497826087 0.3584792450980392
2 0.4012472152173913 0.48133725 0.4137516695652174 0.4695641568627451 0.41989009347826084 0.4612281225490196 0.42092465434782605 0.4366762238562092 0.4270630782608696 0.4283401911764706 0.42660786739130435 0.4185422418300654 0.4221109543478261 0.41539030882352945 0.4134205978260869 0.41561841013071893 0.4093030260869565 0.42063143627450983 0.40953063260869565 0.425530410130719 0.4073580434782609 0.4255874346405229 0.4076615173913043 0.4321194019607843 0.4054889282608696 0.4321764264705882 0.4016748304347826 0.4437214183006536 0.3974813891304348 0.44710145261437906 0.391494702173913 0.45870346895424835 0.3879082086956522 0.4751474346405229 0.3925568608695652 0.4815653513071895 0.4012472152173913 0.48133725
2 0.3372145021739131 0.6481512320261438 0.3414838108695652 0.6464041895424836 0.3498706934782609 0.6396441209150326 0.3539123956521739 0.6329981045751634 0.3536847913043479 0.6280991307189542 0.3558573804347826 0.6280421045751634 0.3555539065217391 0.621510138888889 0.35772649565217396 0.621453112745098 0.3597473456521739 0.6181301045751634 0.359140397826087 0.6050661732026144 0.3547952217391305 0.6051802238562092 0.34858092826086956 0.6118832647058824 0.3400423108695652 0.6153773496732026 0.3316554304347826 0.6221374166666667 0.32963457826086956 0.6254604248366014 0.3302415260869565 0.6385243578431372 0.33241411521739134 0.6384673333333333 0.33279345652173914 0.6466322908496732 0.3372145021739131 0.6481512320261438
2 0.5851999239130434 0.2737710441176471 0.589545102173913 0.2736569934640523 0.5916418217391304 0.271966977124183 0.590959006521739 0.2572700522875817 0.5863862239130435 0.2524851290849673 0.5776958673913043 0.2527132303921569 0.5755991478260869 0.25440324673202613 0.5756750173913044 0.2560362385620915 0.577847604347826 0.25597921241830063 0.5783028152173914 0.2657771617647059 0.5851999239130434 0.2737710441176471
2 0.6287551652173913 0.3216773088235294 0.6355005369565218 0.32640520751633983 0.6420183021739131 0.3262341323529412 0.6483084630434783 0.3211640816993464 0.647853252173913 0.3113661323529412 0.6456806652173913 0.3114231568627451 0.6454530586956522 0.30652418300653594 0.6384800826086956 0.29689730882352944 0.6363074934782608 0.29695433496732027 0.6360798869565217 0.2920553594771242 0.6339072978260869 0.29211238562091507 0.6334520891304348 0.2823144362745098 0.6290310413043478 0.28079549509803925 0.6203406869565218 0.2810235964052288 0.6202648195652174 0.2793906045751634 0.6094018739130435 0.2796757320261438 0.6098570847826087 0.28947368137254903 0.6120296739130435 0.2894166552287582 0.6122572804347827 0.2943156307189542 0.6287551652173913 0.3216773088235294
2 0.7398123934782608 0.371081772875817 0.7576483152173913 0.38042351960784315 0.7750290239130435 0.37996731699346403 0.7751048934782608 0.3816003088235294 0.7795259391304348 0.38311925 0.7882162934782609 0.3828911486928105 0.7882921630434783 0.3845241388888889 0.8056728717391304 0.3840679362745098 0.8098663130434782 0.3806879035947712 0.8074661195652174 0.375845954248366 0.7939753760869566 0.36639015686274506 0.7784637804347826 0.36025736764705885 0.7514064260869565 0.33971278104575164 0.7425643326086956 0.3366748986928105 0.7341015847826087 0.3418019754901961 0.7341774521739131 0.3434349673202614 0.7233903760869564 0.34535308496732026 0.7238455869565218 0.35515103431372547 0.7284942391304348 0.3615689493464052 0.7398123934782608 0.371081772875817