2 0.9400464745762712 0.11683215079365078 0.9321685783898305 0.1297444126984127 0.9258904576271186 0.1314969349206349 0.8560917330508474 0.1349113380952381 0.8247011292372881 0.14367395238095237 0.8103232944915254 0.15357973174603173 0.7580549131355933 0.16924164444444445 0.7521464915254238 0.17892584126984126 0.7569727139830508 0.1915057253968254 0.7866896038135593 0.19231651587301588 0.8405577584745763 0.16549486507936506 0.9267037944915255 0.14894661587301586 0.9662680529661017 0.13361707936507936 0.9828125360169492 0.12471346031746032 0.9822456652542373 0.1125515619047619 0.9475210677966102 0.11346005555555555 0.9400464745762712 0.11683215079365078
2 0.7336617669491526 0.7829517190476191 0.7226313622881355 0.7737106904761905 0.699192595338983 0.7711473777777779 0.6924708368644067 0.7633818936507937 0.6711494237288136 0.7607631841269841 0.6537669576271187 0.7516883444444444 0.6452975444915254 0.7519099285714286 0.6461848199152542 0.7709459444444444 0.6572152245762711 0.7801869714285714 0.67452375 0.7876754761904762 0.693727811440678 0.7903495825396826 0.7024929830508474 0.7964733365079365 0.6966585 0.8077438666666666 0.680163309322034 0.8177050428571428 0.6806808877118644 0.8288093857142856 0.6828721800847458 0.8303403238095238 0.6871808262711865 0.8318158666666666 0.697693654661017 0.8299525523809523 0.7058673093220339 0.8233856285714285 0.7265972076271187 0.813313661904762 0.730610095338983 0.808443865079365 0.736962154661017 0.8082776777777778 0.7410489830508475 0.8049942158730159 0.7448400529661017 0.7953654158730159 0.7338835868644068 0.7877107222222222 0.7336617669491526 0.7829517190476191
2 0.7684737436440678 0.7566286317460318 0.7322569152542373 0.7528113603174603 0.7373788983050847 0.7717365841269841 0.7585524322033899 0.7711826238095238 0.7684737436440678 0.7566286317460318
2 0.47786525 0.47993160952380953 0.4779391906779661 0.48151794444444446 0.46319165466101697 0.48349205079365076 0.4152319216101695 0.5006295063492063 0.4153058622881356 0.5022158412698413 0.3963975593220339 0.5058870746031746 0.39223679237288134 0.5075842015873017 0.3861804915254238 0.5140957285714286 0.3883717838983051 0.5156266666666667 0.40742796610169496 0.5151281015873016 0.4073540254237288 0.5135417682539682 0.4200581461864407 0.513209392063492 0.44108380084745763 0.5094827619047618 0.4805741207627119 0.49256689047619046 0.4887477754237288 0.48599996825396824 0.48852595762711865 0.48124096507936504 0.4863346652542373 0.4797100253968254 0.47786525 0.47993160952380953
2 0.4870808072033898 0.6321643396825397 0.4891981610169492 0.6321089444444444 0.49321104872881355 0.6272391476190476 0.4929892288135593 0.6224801444444444 0.4951065826271186 0.6224247476190476 0.4942193072033898 0.6033887317460318 0.49202801483050845 0.6018577936507936 0.4877933072033898 0.6019685857142857 0.48188488559322035 0.611652780952381 0.48210670338983047 0.6164117857142857 0.47998934957627115 0.616467180952381 0.46649878813559326 0.6454089777777778 0.46694242584745765 0.6549269857142856 0.4713250127118644 0.6579888619047619 0.4776770741525424 0.6578226746031747 0.4818378411016949 0.6561255476190476 0.4816160211864407 0.6513665444444444 0.48373337499999997 0.6513111476190476 0.4834376165254237 0.6449658095238096 0.4855549703389831 0.6449104126984128 0.4851852711864407 0.6369787396825397 0.48730262500000004 0.6369233444444444 0.4870808072033898 0.6321643396825397
2 0.34858570550847456 0.5261971984126984 0.34851176694915253 0.524610865079365 0.31485593008474577 0.5302562047619048 0.31492987076271184 0.5318425396825396 0.3064604555084746 0.5320641238095238 0.2981389216101695 0.5354583761904762 0.294052093220339 0.5387418380952381 0.2963173262711864 0.5418591111111111 0.3090953877118644 0.5431130698412698 0.30902144703389833 0.5415267349206349 0.32807762923728817 0.5410281714285715 0.32800368855932205 0.5394418365079365 0.33647310169491523 0.5392202523809524 0.357276938559322 0.5307346190476191 0.3655245338983051 0.5257540301587301 0.36545059533898305 0.5241676968253968 0.357203 0.5291482841269841 0.34858570550847456 0.5261971984126984
2 0.33494726694915256 0.5519663253968254 0.27595712711864406 0.5598627523809524 0.26596187711864405 0.5728304095238095 0.278739938559322 0.5740843682539682 0.30582189406779664 0.5638462126984127 0.3459037309322034 0.5596210190476191 0.5216171716101695 0.5089640476190477 0.5360689491525423 0.5006446015873015 0.5358471292372882 0.49588559841269836 0.5251864216101695 0.4945762444444444 0.4142236631355932 0.5244799222222222 0.3720984131355932 0.5303468460317461 0.33494726694915256 0.5519663253968254
2 0.35829194491525423 0.6434751714285715 0.35873558262711863 0.6529931793650793 0.36311816737288133 0.6560550555555555 0.36947022881355934 0.6558888682539683 0.37355705720338983 0.6526054063492064 0.3834044279661017 0.6364650793650793 0.38266503177966105 0.6206017333333333 0.37631297033898303 0.6207679206349207 0.368065375 0.6257485095238096 0.36018747881355934 0.6386607714285715 0.36040929872881355 0.6434197746031747 0.35829194491525423 0.6434751714285715
2 0.44116448728813557 0.6476600634920635 0.43057772033898306 0.6479370444444444 0.4309474173728814 0.6558687174603175 0.4332126504237288 0.6589859904761906 0.4353300042372881 0.6589305952380953 0.43562576271186443 0.6652759333333333 0.4401562288135593 0.6715104793650793 0.444538813559322 0.6745723571428571 0.450890875 0.6744061698412698 0.450964813559322 0.6759925031746031 0.457316875 0.6758263158730159 0.46147764194915253 0.674129188888889 0.4635210550847458 0.6724874587301587 0.460960063559322 0.663024846031746 0.4543861843220339 0.6584320301587302 0.449855720338983 0.6521974841269841 0.4454731334745763 0.6491356063492063 0.44116448728813557 0.6476600634920635
2 0.5197283834745763 0.6503694158730159 0.5199502033898304 0.6551284190476191 0.5178328495762712 0.6551838158730159 0.5181286080508475 0.661529153968254 0.5203199004237288 0.6630600920634921 0.5266719618644068 0.6628939047619047 0.5328022033898305 0.6579687126984127 0.538636686440678 0.646698180952381 0.5384148665254238 0.6419391777777778 0.5405322203389831 0.641883780952381 0.5400885826271187 0.6323657746031747 0.535853875 0.6324765666666666 0.5257107457627118 0.642271553968254 0.5197283834745763 0.6503694158730159
2 0.4500304936440678 0.701429253968254 0.4521478474576271 0.7013738587301587 0.4525914851694915 0.7108918666666667 0.4547088389830508 0.7108364698412698 0.4550045974576271 0.717181807936508 0.4593132436440678 0.7186573507936508 0.4677826588983051 0.7184357666666666 0.4717955466101695 0.7135659714285714 0.47149978813559323 0.7072206317460317 0.4693824343220339 0.7072760285714286 0.4691606144067797 0.7025170238095239 0.45827808898305084 0.6964486666666666 0.4540433834745763 0.6965594587301587 0.44995655508474575 0.6998429190476191 0.4500304936440678 0.701429253968254
2 0.565523718220339 0.6777601222222223 0.576480184322034 0.6854148158730159 0.5787454173728814 0.6885320888888888 0.5895540042372882 0.6930141126984126 0.5894800635593221 0.6914277777777778 0.5956103050847458 0.6865025857142857 0.5999928919491525 0.6895644634920635 0.602332063559322 0.6942680714285715 0.6044494173728813 0.6942126746031746 0.6043015381355932 0.6910400063492064 0.591153779661017 0.6818543746031747 0.5717279004237288 0.6744212650793651 0.5653758389830509 0.6745874523809524 0.565523718220339 0.6777601222222223
2 0.33849636652542375 0.6281103888888889 0.34280501483050846 0.6295859317460317 0.35112654872881355 0.6261916777777778 0.3552133771186441 0.6229082158730159 0.3590783855932203 0.6148657507936508 0.35885656567796614 0.6101067476190476 0.35666527330508474 0.6085758079365079 0.3524305656779661 0.6086866 0.34418297033898304 0.6136671888888888 0.3383484872881356 0.6249377190476191 0.33849636652542375 0.6281103888888889
2 0.661987658898305 0.7006486555555556 0.662061597457627 0.7022349904761905 0.6685615381355932 0.7052414714285714 0.6770309512711864 0.7050198873015873 0.6771048898305084 0.7066062222222222 0.6813395974576271 0.7064954301587302 0.681265658898305 0.7049090952380953 0.6897350720338983 0.704687511111111 0.6938219004237288 0.7014040492063491 0.6937479597457626 0.6998177142857143 0.6851306673728813 0.6968666301587302 0.6681918389830509 0.6973097984126985 0.661987658898305 0.7006486555555556
2 0.5194527754237288 0.5534922095238095 0.5193048961864407 0.5503195396825397 0.5171136016949153 0.5487886015873016 0.5128788961864407 0.5488993936507937 0.5129528347457627 0.5504857285714286 0.5066007754237288 0.5506519158730159 0.5024400063559322 0.5523490428571428 0.4697453855932203 0.5786167333333334 0.45938043644067794 0.5836527174603174 0.45982407415254234 0.5931707253968255 0.46201536864406784 0.5947016650793652 0.4683674279661017 0.5945354761904762 0.47668896398305083 0.5911412238095238 0.4878672478813559 0.6035549206349207 0.4963366610169492 0.6033333365079365 0.502540841101695 0.5999944793650794 0.5085971440677967 0.5934829523809524 0.5083013855932204 0.5871376126984127 0.5104187394067796 0.5870822174603175 0.5154398855932203 0.5583620063492063 0.5194527754237288 0.5534922095238095
2 0.5129528347457627 0.5504857285714286 0.5188612584745763 0.5408015333333334 0.5122134385593221 0.5346223825396825 0.4741010762711865 0.5356195111111111 0.461840593220339 0.5454698952380952 0.45125382627118643 0.5457468746031746 0.44088887711864405 0.5507828587301588 0.427962938559322 0.5463562317460318 0.4175979894067796 0.5513922158730159 0.4178198093220339 0.5561512190476191 0.3954161970338983 0.5757965904761905 0.38556882627118644 0.5919369174603174 0.38601246186440674 0.6014549253968254 0.39024716949152544 0.6013441333333334 0.40900759322033897 0.5945002301587302 0.4151378347457627 0.5895750380952381 0.41498995550847456 0.5864023698412698 0.46105415254237286 0.5740793142857142 0.46536279872881353 0.5755548571428571 0.47587562711864406 0.5736915428571429 0.5004705338983051 0.5555771079365079 0.5129528347457627 0.5504857285714286
2 0.3380258347457627 0.5725332793650794 0.32123488559322033 0.5761491174603175 0.3047396970338983 0.5861102936507936 0.30488757627118646 0.5892829634920634 0.3091962224576271 0.5907585047619048 0.32613504872881355 0.5903153365079365 0.32620898940677967 0.5919016714285714 0.3389131101694915 0.5915692952380952 0.3388391694915254 0.5899829603174603 0.3451912309322034 0.589816773015873 0.3657732478813559 0.576572134920635 0.36547748940677965 0.5702267968253968 0.34853866101694914 0.5706699650793651 0.34861260169491526 0.5722563 0.3380258347457627 0.5725332793650794
2 0.6513403538135593 0.47221646666666667 0.6068759322033899 0.47337978253968255 0.6069498707627119 0.47496611746031747 0.5732940338983051 0.4806114587301587 0.5653421991525424 0.4919373841269841 0.5655640169491525 0.4966963888888889 0.5677553093220339 0.498227326984127 0.5805333707627118 0.4994812857142857 0.5804594300847458 0.49789495079365076 0.5868114915254238 0.49772876349206346 0.5867375508474577 0.49614242857142854 0.5930896122881355 0.4959762396825397 0.6287149216101695 0.4871028349206349 0.6516361122881356 0.4785618047619048 0.6536795254237289 0.47692007460317465 0.6535316461864407 0.4737474047619048 0.6513403538135593 0.47221646666666667
2 0.4892384576271186 0.4510452095238095 0.4895342161016949 0.4573905492063492 0.49172551059322034 0.4589214873015873 0.496034156779661 0.4603970301587302 0.5214423983050848 0.45973227777777775 0.5213684576271187 0.45814594285714283 0.5319552245762712 0.4578689634920635 0.5402028199152542 0.4528883746031746 0.5399810021186441 0.44812937142857145 0.5355984152542372 0.4450674936507936 0.4955165783898305 0.44929268730158733 0.4955905190677966 0.45087902222222226 0.4892384576271186 0.4510452095238095
2 0.5380585720338983 0.4068846698412698 0.5379846313559322 0.40529833492063494 0.5041069766949152 0.40618467142857145 0.49994620974576276 0.4078817984126984 0.49797673516949154 0.41110986349206347 0.5003159067796611 0.41581347142857145 0.5197417860169492 0.423246580952381 0.5282112012711865 0.4230249968253968 0.5282851398305085 0.4246113317460317 0.5431066144067797 0.42422355873015877 0.5431805529661017 0.4258098936507937 0.5728235021186441 0.4250343492063492 0.5768363898305084 0.420164553968254 0.5766145720338983 0.4154055492063492 0.5721580444915255 0.4107573380952381 0.5635407521186441 0.40780625238095236 0.5466019258474576 0.40824942063492065 0.5465279851694915 0.4066630857142857 0.5380585720338983 0.4068846698412698
2 0.47898774788135595 0.27660379523809525 0.47701827330508473 0.2798318603174603 0.4839618495762712 0.29235634920634923 0.5210659533898305 0.31520963650793654 0.5436443411016949 0.3447960349206349 0.5524095127118643 0.35091978888888886 0.5587615720338983 0.3507536015873016 0.557282781779661 0.31902690793650795 0.5594001334745763 0.31897151269841273 0.559178315677966 0.31421250793650796 0.5350740911016949 0.29737218412698413 0.5181352648305084 0.29781535238095236 0.4982657478813559 0.28086423492063495 0.48745716101694914 0.2763822111111111 0.47898774788135595 0.27660379523809525
2 0.6299852987288136 0.2869476888888889 0.632102652542373 0.28689229365079366 0.6318808326271186 0.2821332888888889 0.633998186440678 0.2820778936507936 0.6336284894067797 0.27414621904761904 0.6314371949152543 0.27261528095238097 0.6250851355932203 0.27278146984126983 0.6209243686440677 0.27447859523809526 0.6169114809322034 0.27934839206349205 0.6131204110169491 0.2889771920634921 0.6134161694915253 0.29532253015873017 0.6112988156779662 0.295377926984127 0.6075816864406779 0.3065930603174603 0.6078035042372881 0.3113520650793651 0.6056861525423729 0.3114074603174603 0.605907970338983 0.3161664650793651 0.6037906165254238 0.3162218603174603 0.6041603156779661 0.3241535349206349 0.6020429618644069 0.32420893015873015 0.6025605381355932 0.33531327301587305 0.6047518326271186 0.33684421111111107 0.6111038919491525 0.33667802380952383 0.615190720338983 0.3333945619047619 0.625038091101695 0.3172542349206349 0.6243726355932204 0.3029772238095238 0.6264899872881357 0.302921826984127 0.6262681694915254 0.2981628238095238 0.6283855233050847 0.298107426984127 0.630354997881356 0.29487936190476194 0.6299852987288136 0.2869476888888889
2 0.6769838177966102 0.24918788412698414 0.6587409724576272 0.26713612857142854 0.6590367309322034 0.2734814666666667 0.6612280233050848 0.2750124063492063 0.6760494978813559 0.2746246333333333 0.684371031779661 0.27123038095238095 0.6984531101694915 0.2549792619047619 0.6980094724576271 0.24546125396825397 0.6958181800847457 0.24393031587301586 0.6894661186440677 0.24409650317460319 0.689540059322034 0.2456828380952381 0.683187997881356 0.24584902539682538 0.6769838177966102 0.24918788412698414
2 0.6156612521186441 0.38897166984126985 0.6196741419491526 0.38410187460317463 0.6188608050847458 0.36665219365079366 0.6078304004237287 0.3574111650793651 0.6014783389830509 0.35757735396825396 0.5995088665254238 0.36080541904761904 0.6003961419491526 0.37984143492063493 0.6135439004237287 0.38902706666666664 0.6156612521186441 0.38897166984126985
2 0.649464968220339 0.386499 0.6500564851694915 0.3991896761904762 0.652321718220339 0.4023069492063492 0.6545130105932203 0.4038378888888889 0.6629824258474576 0.40361630476190474 0.6731255550847458 0.3938213158730159 0.6770645021186441 0.3873651857142857 0.6769166228813559 0.38419251587301584 0.6747253305084745 0.38266157777777776 0.6641385635593221 0.38293855873015875 0.6642125021186441 0.3845248920634921 0.6515083813559323 0.38485726825396827 0.649464968220339 0.386499
2 0.6217847478813558 0.2474555111111111 0.6197413347457627 0.24909724126984129 0.620037093220339 0.25544257936507936 0.6179197394067797 0.2554979761904762 0.6183633771186441 0.2650159841269841 0.6206286101694916 0.2681332571428572 0.6269806694915254 0.26796706984126983 0.6270546101694916 0.2695534031746032 0.6312893156779661 0.2694426111111111 0.6374934978813559 0.266103753968254 0.6369759194915253 0.2549994126984127 0.6390932733050847 0.2549440158730159 0.6388714555084746 0.2501850126984127 0.6366801610169491 0.248654073015873 0.6323715148305085 0.24717853015873018 0.6217847478813558 0.2474555111111111
2 0.7466346610169492 0.24260081111111112 0.7170656525423729 0.24496269047619046 0.717139593220339 0.24654902380952382 0.7086701800847458 0.24677060793650796 0.7066267648305085 0.24841233968253967 0.7068485847457627 0.2531713428571429 0.7090398771186441 0.25470228095238096 0.7386088855932204 0.2523404031746032 0.7426957139830508 0.2490569412698413 0.7426217733050847 0.24747060634920637 0.7489738347457627 0.24730441904761905 0.7551780148305085 0.24396556190476193 0.7551040762711865 0.24237922698412698 0.752912781779661 0.2408482873015873 0.7465607224576272 0.2410144761904762 0.7466346610169492 0.24260081111111112
2 0.6458419279661017 0.30876860158730157 0.6543852817796609 0.3101333523809524 0.6666457648305084 0.3002829682539683 0.672480247881356 0.2890124380952381 0.6681715995762713 0.2875368952380952 0.6662021271186441 0.29076496031746035 0.6598500656779661 0.2909311492063492 0.651528531779661 0.2943254015873016 0.643354875 0.30089232539682537 0.6435766949152542 0.30565132857142857 0.6458419279661017 0.30876860158730157
2 0.817965968220339 0.36303130158730157 0.8159964936440678 0.3662593666666667 0.8162183135593221 0.37101837142857147 0.8141009597457627 0.3710737666666667 0.8142488389830508 0.3742464365079365 0.8228661313559322 0.3771975206349206 0.8379094258474576 0.3815687523809524 0.8505396059322035 0.3796500428571429 0.8627261504237288 0.3682133238095238 0.866517218220339 0.3585845238095238 0.8578999258474577 0.3556334380952381 0.8515478665254237 0.355799626984127 0.8514739258474576 0.35421329206349206 0.8324177457627119 0.35471185555555557 0.8282569766949153 0.3564089825396825 0.817965968220339 0.36303130158730157
2 0.8529997627118644 0.34146721904761906 0.8595736419491525 0.3460600349206349 0.889290529661017 0.3468708253968254 0.8934512966101694 0.3451736984126984 0.8931555381355932 0.33882836031746033 0.8865077203389831 0.33264920952380955 0.8778904258474577 0.32969812380952385 0.8609515995762711 0.3301412920634921 0.8610255381355931 0.331727626984127 0.8546734788135594 0.3318938142857143 0.8505866504237288 0.3351772761904762 0.8529997627118644 0.34146721904761906
2 0.6954552266949152 0.37258960952380954 0.6953812881355932 0.3710032746031746 0.686911875 0.3712248587301587 0.6848684597457626 0.3728665904761905 0.6852381588983051 0.38079826349206347 0.6874294512711865 0.3823292015873016 0.6938554512711864 0.3837493476190476 0.6937815105932204 0.3821630142857143 0.704368279661017 0.3818860333333333 0.7042943389830508 0.3802996984126984 0.7106464004237287 0.3801335111111111 0.7148071673728813 0.3784363841269841 0.7145853474576271 0.3736773793650794 0.7018812266949153 0.37400975555555555 0.7018072881355932 0.37242342222222224 0.6954552266949152 0.37258960952380954
2 0.1965261059322034 0.44758551904761906 0.1969697436440678 0.45710352698412693 0.23552574364406778 0.4656244063492063 0.25290820762711863 0.474699246031746 0.2555431377118644 0.48574819206349207 0.25985178601694914 0.487223734920635 0.34461986228813557 0.4865942285714286 0.3783496377118644 0.4825352238095238 0.3782017584745763 0.47936255396825395 0.3565845868644068 0.4703985063492064 0.32263299152542374 0.4696985079365079 0.29481163983050845 0.4640733174603175 0.24455977754237287 0.4320343984126984 0.18950858898305084 0.4334746952380953 0.1876869936440678 0.4398754301587301 0.1965261059322034 0.44758551904761906
2 0.3015535466101695 0.3813069365079365 0.29739277966101696 0.3830040634920635 0.2977624766949153 0.3909357365079365 0.30221900211864405 0.3955839476190476 0.3106884173728814 0.3953623634920635 0.3107623559322034 0.39694869841269836 0.3213491228813559 0.39667171746031743 0.32550989194915253 0.39497459206349206 0.32747936440677966 0.391746526984127 0.32740542584745763 0.39016019206349206 0.3252880720338983 0.39021558730158734 0.32499231355932207 0.3838702492063492 0.3206097266949152 0.38080837142857143 0.3015535466101695 0.3813069365079365