2 0.46671897173913046 0.22968686928104576 0.4774547152173913 0.23096492810457517 0.4777947891304348 0.22935105882352944 0.48423623478260874 0.23011789379084968 0.48887060652173914 0.22901524836601306 0.4916979065217391 0.22604312091503267 0.49271813043478263 0.2212015114379085 0.49486527826086957 0.22145712254901959 0.49792595217391306 0.20693229411764705 0.49577880434782606 0.20667668300653597 0.49747917826086957 0.19860733333333333 0.4960121804347826 0.19512398202614378 0.48878388695652175 0.18764605555555555 0.47590099347826087 0.18611238398692811 0.47092654782608695 0.1888289003267974 0.4645918 0.1980008954248366 0.4615311260869565 0.21252572385620916 0.46367827608695655 0.21278133496732024 0.4616378260869565 0.2224645539215686 0.46671897173913046 0.22968686928104576
2 0.4474813565217391 0.2687555555555555 0.4496285043478261 0.26901116830065364 0.4482682043478261 0.2754666470588235 0.45256250217391303 0.2759778709150327 0.4617245456521739 0.26383374836601303 0.4720135152173913 0.25678684640522875 0.4740539652173913 0.24710362745098038 0.47190681739130436 0.24684801470588236 0.4729270413043478 0.2420064052287582 0.47146004347826087 0.23852305392156864 0.46276475 0.22756177614379086 0.4563233043478261 0.22679493954248367 0.44784140869565214 0.23571132352941174 0.44580095869565217 0.2453945424836601 0.4479481065217391 0.2456501552287582 0.4455675826086956 0.2569472434640523 0.4474813565217391 0.2687555555555555
2 0.48060211086956517 0.2578092941176471 0.4848964065217391 0.2583205179738562 0.4852364826086957 0.2567066470588235 0.4981193739130435 0.25824031862745095 0.498459447826087 0.2566264493464052 0.5070480434782608 0.25764889705882354 0.5087484173913044 0.2495795473856209 0.5108955652173913 0.24983515849673202 0.5132760891304348 0.23853807026143792 0.5111289413043478 0.2382824591503268 0.5124892413043478 0.2318269787581699 0.5079815456521739 0.21143809313725492 0.505834397826087 0.21118248202614376 0.5068546217391304 0.20634087254901962 0.5039206239130435 0.1993741683006536 0.49962632826086956 0.19886294607843136 0.4971391043478261 0.2002212026143791 0.4880837586956522 0.22230415686274507 0.4863833826086957 0.2303735065359477 0.48423623478260874 0.23011789379084968 0.47732803695652176 0.2524564607843137 0.47879503695652176 0.2559398120915033 0.48060211086956517 0.2578092941176471
2 0.4573902934782608 0.32618325 0.4616845913043478 0.3266944722222222 0.4755877065217391 0.3233865343137255 0.47841500652173913 0.3204144068627451 0.4807955304347826 0.309117318627451 0.47864838043478264 0.3088617058823529 0.47900843478260874 0.27581747385620914 0.4768612847826087 0.2755618611111111 0.4785616608695652 0.2674925130718954 0.4764145108695652 0.26723690032679737 0.4766478869565217 0.25568419934640524 0.47484081304347825 0.2538147189542484 0.4662522195652174 0.25279227124183007 0.45845047391304344 0.2584809150326798 0.45743025 0.2633225245098039 0.4552831 0.26306691176470587 0.4532426521739131 0.27275013071895426 0.46091771956521743 0.28855301960784313 0.4555832195652174 0.32431376797385625 0.4573902934782608 0.32618325
2 0.44618779999999997 0.34801059150326796 0.4508221717391304 0.34690794444444445 0.4518423956521739 0.34206633496732025 0.4539895456521739 0.3423219477124183 0.4556899195652174 0.3342525980392157 0.45783706739130436 0.3345082107843137 0.45851721739130435 0.3312804705882353 0.45637006956521736 0.3310248594771242 0.45807044347826087 0.32295550980392157 0.45592329565217393 0.3226998970588235 0.4569435195652174 0.3178582875816993 0.45547652173913045 0.3143749362745098 0.4533293717391304 0.3141193251633987 0.44835492608695654 0.31683583986928104 0.44552762826086956 0.31980796895424835 0.44450740217391305 0.32464957843137254 0.44236025434782605 0.32439396568627454 0.4403198043478261 0.3340771846405229 0.44291372608695656 0.34265775816993466 0.44618779999999997 0.34801059150326796
2 0.4577103913043479 0.35599974183006533 0.4641518369565218 0.35676657679738566 0.47127343260869564 0.35430567320261436 0.47410073043478257 0.351333545751634 0.47512095434782614 0.3464919362745098 0.47726810434782607 0.3467475473856209 0.47862840434782605 0.340292068627451 0.48077555217391305 0.3405476797385621 0.48247592608695655 0.33247833169934643 0.4773947804347826 0.3252560163398693 0.4645118891304348 0.32372234477124184 0.4567101434782609 0.3294109885620915 0.45296931956521735 0.3471635571895425 0.45590331739130435 0.3541302598039216 0.4577103913043479 0.35599974183006533
2 0.47098012173913045 0.4601494624183006 0.47527441956521743 0.46066068627450973 0.49517220869565215 0.44979462254901964 0.4989130326086957 0.43204205392156864 0.4966591847826087 0.4218476111111111 0.4922581891304348 0.41139755555555557 0.4846898195652174 0.40553349836601305 0.48039552173913047 0.4050222761437909 0.47790829782608696 0.40638053267973856 0.46940642391304344 0.44672727941176466 0.4715535739130435 0.4469828905228759 0.46917305 0.4582799803921569 0.47098012173913045 0.4601494624183006
2 0.49338511304347826 0.41649477777777777 0.4969992586956522 0.4202337401960784 0.507735002173913 0.4215118006535947 0.51270945 0.4187952843137255 0.5150899739130435 0.40749819607843135 0.5172371217391305 0.4077538071895425 0.518937495652174 0.39968445751633985 0.5167903478260869 0.39942884640522874 0.5191708717391305 0.3881317581699346 0.5170237239130435 0.3878761454248366 0.5183840239130435 0.3814206666666667 0.5169170260869566 0.37793731535947717 0.5053944326086957 0.3699481633986928 0.49895298695652174 0.3691813284313726 0.4936384652173913 0.37351171405228756 0.4905777913043478 0.38803654248366015 0.49113126521739126 0.40630033496732026 0.49338511304347826 0.41649477777777777
2 0.5049944239130435 0.46585312091503267 0.5125627934782608 0.4717171781045752 0.5168570913043479 0.4722284019607843 0.5253389869565217 0.4633120196078432 0.5266992869565217 0.4568565392156863 0.5288464347826087 0.4571121519607843 0.5308868847826087 0.4474289330065359 0.5287397369565218 0.4471733202614379 0.5297599608695652 0.44233171078431366 0.5250188891304348 0.43349552614379083 0.507841702173913 0.43145063071895423 0.5028672543478261 0.4341671470588235 0.5015069543478261 0.44062262581699346 0.4993598065217391 0.44036701470588235 0.4983395804347826 0.4452086241830065 0.5004867304347826 0.44546423529411766 0.4991264304347826 0.4519197156862745 0.5049944239130435 0.46585312091503267
2 0.5432430913043478 0.5663590931372549 0.5555525304347826 0.5810593349673203 0.5619939760869564 0.5818261699346405 0.5712627217391304 0.5796208774509805 0.5762371673913044 0.5769043611111111 0.5775974673913044 0.5704488823529411 0.5754503195652174 0.5701932712418301 0.5771506934782609 0.5621239215686274 0.5662015521739131 0.5409682009803922 0.5592066347826087 0.5219375735294117 0.5573995608695652 0.520068091503268 0.5488109652173914 0.5190456437908497 0.5491510413043478 0.5174317745098039 0.5448567434782609 0.5169205506535948 0.5438365195652174 0.521762160130719 0.5416893717391305 0.521506547385621 0.5365882478260869 0.5457145947712418 0.5391821695652174 0.5542951683006535 0.5413293173913043 0.5545507794117648 0.5403090934782608 0.5593923888888889 0.5432430913043478 0.5663590931372549
2 0.527172847826087 0.6008417810457516 0.5314671456521739 0.6013530049019608 0.5367816673913044 0.5970226192810457 0.5381419673913044 0.5905671405228758 0.5402891152173913 0.5908227516339869 0.5419894891304348 0.5827534035947712 0.5405224913043478 0.5792700506535947 0.5329541217391305 0.5734059950980392 0.524025452173913 0.5739974166666667 0.5187109304347827 0.5783278022875817 0.5176907065217391 0.5831694117647058 0.5235587 0.597102818627451 0.527172847826087 0.6008417810457516