6 0.028125 0.521875 0.05625 0.03125
6 0.0421875 0.6265625 0.0484375 0.090625
6 0.234375 0.540625 0.0875 0.1015625
6 0.3671875 0.509375 0.0546875 0.04375
6 0.4234375 0.58125 0.146875 0.065625
6 0.3671875 0.6375 0.053125 0.0296875
6 0.2828125 0.6484375 0.0921875 0.0421875
6 0.58125 0.5875 0.0796875 0.0625
6 0.603125 0.4921875 0.1890625 0.046875
6 0.653125 0.528125 0.11875 0.0328125
6 0.709375 0.56875 0.0671875 0.034375
6 0.740625 0.6484375 0.0640625 0.0390625
6 0.7640625 0.5046875 0.04375 0.0375
6 0.9078125 0.4828125 0.1109375 0.053125
6 0.990625 0.55 0.0171875 0.08125