6 0.434375 0.628125 0.14375 0.1015625
6 0.3140625 0.834375 0.153125 0.090625
6 0.1921875 0.6515625 0.203125 0.1515625
6 0.046875 0.8 0.09375 0.0875
6 0.078125 0.1375 0.071875 0.090625
6 0.175 0.1265625 0.09375 0.11875
6 0.1578125 0.23125 0.06875 0.0765625
6 0.25 0.2125 0.0765625 0.0953125
6 0.3546875 0.140625 0.0625 0.10625
6 0.4234375 0.06875 0.0484375 0.0796875
6 0.4984375 0.203125 0.0671875 0.078125
6 0.446875 0.2921875 0.0515625 0.065625
6 0.4359375 0.3890625 0.0609375 0.0796875
6 0.5828125 0.353125 0.08125 0.1
6 0.6171875 0.1484375 0.0484375 0.08125
6 0.7703125 0.215625 0.0359375 0.08125
6 0.7 0.6765625 0.0890625 0.19375
6 0.5296875 0.7828125 0.0875 0.0984375
6 0.678125 0.8484375 0.11875 0.1265625
6 0.871875 0.678125 0.059375 0.1625
6 0.9578125 0.56875 0.065625 0.18125
6 0.8328125 0.3625 0.0484375 0.0859375
6 0.884375 0.275 0.0578125 0.0875
6 0.934375 0.2046875 0.053125 0.0875
6 0.9765625 0.378125 0.028125 0.0875
6 0.715625 0.125 0.125 0.1421875