6 0.478125 0.971875 0.03125 0.05625
6 0.3734375 0.9578125 0.090625 0.05
6 0.459375 0.765625 0.1 0.0875
6 0.490625 0.6328125 0.04375 0.05625
6 0.41875 0.5765625 0.065625 0.146875
6 0.3625 0.6328125 0.03125 0.053125
6 0.3515625 0.7171875 0.04375 0.09375
6 0.4125 0.41875 0.0625 0.08125
6 0.5078125 0.396875 0.046875 0.1875
6 0.471875 0.346875 0.03125 0.11875
6 0.43125 0.290625 0.034375 0.06875
6 0.3515625 0.259375 0.0375 0.0625
6 0.4953125 0.2359375 0.0375 0.04375
6 0.5171875 0.0921875 0.053125 0.1125
6 0.45 0.009375 0.08125 0.01875