6 0.240625 0.475 0.090625 0.08125
6 0.24375 0.340625 0.08125 0.09375
6 0.390625 0.25 0.05625 0.096875
6 0.565625 0.534375 0.0375 0.06875
6 0.6421875 0.4078125 0.090625 0.090625
6 0.4640625 0.271875 0.059375 0.1
6 0.01875 0.4453125 0.0375 0.059375
6 0.04375 0.103125 0.075 0.0875
6 0.696875 0.284375 0.0625 0.0875
6 0.934375 0.575 0.0625 0.075
6 0.76875 0.4921875 0.06875 0.0625
6 0.753125 0.046875 0.05 0.0875
6 0.36875 0.0796875 0.08125 0.084375
6 0.584375 0.221875 0.1 0.10625
6 0.659375 0.553125 0.05625 0.05625
6 0.3625 0.4953125 0.046875 0.05625
6 0.059375 0.2078125 0.046875 0.059375
6 0.875 0.521875 0.0375 0.0625
6 0.2484375 0.0375 0.053125 0.075
6 0.55625 0.0234375 0.075 0.046875