6 0.3703125 0.940625 0.0375 0.0625
6 0.390625 0.8671875 0.05 0.05
6 0.365625 0.8078125 0.0375 0.04375
6 0.3765625 0.6953125 0.05 0.153125
6 0.4171875 0.625 0.0375 0.0625
6 0.425 0.73125 0.01875 0.05
6 0.3734375 0.521875 0.05 0.1625
6 0.5375 0.909375 0.04375 0.05
6 0.5484375 0.8234375 0.0375 0.0625
6 0.6078125 0.8625 0.05625 0.13125
6 0.5578125 0.7203125 0.05625 0.084375
6 0.5125 0.7453125 0.03125 0.05
6 0.5015625 0.678125 0.025 0.053125
6 0.5359375 0.575 0.075 0.14375
6 0.4578125 0.5109375 0.05625 0.08125
6 0.4640625 0.6046875 0.046875 0.0875
6 0.5109375 0.4109375 0.05 0.146875
6 0.4515625 0.3984375 0.05 0.11875
6 0.4125 0.2765625 0.03125 0.06875
6 0.371875 0.4046875 0.025 0.0625
6 0.4578125 0.2875 0.04375 0.078125
6 0.3765625 0.0578125 0.034375 0.09375
6 0.371875 0.2171875 0.03125 0.04375