6 0.628125 0.565625 0.1 0.14375
6 0.834375 0.6859375 0.090625 0.153125
6 0.6515625 0.8078125 0.15 0.203125
6 0.8 0.953125 0.0875 0.09375
6 0.1375 0.921875 0.090625 0.071875
6 0.1265625 0.825 0.11875 0.09375
6 0.23125 0.8421875 0.075 0.06875
6 0.2125 0.75 0.09375 0.075
6 0.140625 0.6453125 0.10625 0.0625
6 0.06875 0.5765625 0.08125 0.046875
6 0.203125 0.5015625 0.078125 0.06875
6 0.2921875 0.553125 0.065625 0.05
6 0.3890625 0.5640625 0.08125 0.0625
6 0.353125 0.4171875 0.1 0.08125
6 0.1484375 0.3828125 0.08125 0.05
6 0.215625 0.2296875 0.08125 0.0375
6 0.6765625 0.3 0.19375 0.0875
6 0.7828125 0.4703125 0.1 0.0875
6 0.8484375 0.321875 0.125 0.11875
6 0.678125 0.128125 0.1625 0.059375
6 0.56875 0.0421875 0.18125 0.065625
6 0.3625 0.1671875 0.0875 0.05
6 0.275 0.115625 0.0875 0.05625
6 0.2046875 0.065625 0.0875 0.053125
6 0.378125 0.0234375 0.0875 0.028125
6 0.125 0.284375 0.14375 0.125