6 0.6296875 0.059375 0.0390625 0.0640625
6 0.609375 0.1328125 0.0484375 0.0515625
6 0.634375 0.1921875 0.0359375 0.0453125
6 0.6234375 0.3046875 0.05 0.153125
6 0.5828125 0.375 0.0359375 0.0609375
6 0.575 0.26875 0.0203125 0.0515625
6 0.6265625 0.478125 0.0515625 0.1640625
6 0.4625 0.090625 0.0421875 0.05
6 0.4515625 0.1765625 0.0390625 0.0640625
6 0.3921875 0.1375 0.0546875 0.13125
6 0.4421875 0.2796875 0.0546875 0.084375
6 0.4875 0.2546875 0.03125 0.05
6 0.4984375 0.321875 0.0265625 0.053125
6 0.4640625 0.425 0.0734375 0.1453125
6 0.5421875 0.4890625 0.0546875 0.08125
6 0.5359375 0.3953125 0.046875 0.0875
6 0.4890625 0.5890625 0.0515625 0.146875
6 0.5484375 0.6015625 0.05 0.11875
6 0.5875 0.7234375 0.0296875 0.0671875
6 0.628125 0.5953125 0.0265625 0.0640625
6 0.5421875 0.7125 0.0453125 0.078125
6 0.6234375 0.9421875 0.034375 0.0921875
6 0.628125 0.7828125 0.03125 0.0453125