6 0.240625 0.525 0.090625 0.0828125
6 0.24375 0.659375 0.08125 0.0921875
6 0.390625 0.75 0.0578125 0.096875
6 0.565625 0.465625 0.0390625 0.0671875
6 0.6421875 0.5921875 0.090625 0.090625
6 0.4640625 0.728125 0.059375 0.1
6 0.01875 0.5546875 0.0375 0.059375
6 0.04375 0.896875 0.0765625 0.0875
6 0.696875 0.715625 0.0625 0.0890625
6 0.934375 0.425 0.0609375 0.0765625
6 0.76875 0.5078125 0.0671875 0.0625
6 0.753125 0.953125 0.0515625 0.0890625
6 0.36875 0.9203125 0.0828125 0.084375
6 0.584375 0.778125 0.0984375 0.1078125
6 0.659375 0.446875 0.0578125 0.0578125
6 0.3625 0.5046875 0.046875 0.05625
6 0.059375 0.7921875 0.046875 0.059375
6 0.875 0.478125 0.0359375 0.0640625
6 0.2484375 0.9625 0.053125 0.075
6 0.55625 0.9765625 0.075 0.046875