6 0.1921875 0.421875 0.0703125 0.425 0.1015625 0.5078125 0.1859375 0.503125 0.1921875 0.421875
6 0.7203125 0.4765625 0.6015625 0.4859375 0.6 0.584375 0.7234375 0.5640625 0.7203125 0.4765625
6 0.934375 0.475 0.7703125 0.478125 0.7890625 0.578125 0.9265625 0.5734375 0.934375 0.475
6 0.8390625 0.3375 0.7265625 0.34375 0.721875 0.415625 0.8234375 0.4125 0.8390625 0.3375
6 0.53125 0.5 0.453125 0.5 0.4546875 0.5125 0.4703125 0.571875 0.53125 0.5625 0.53125 0.5
6 0.4234375 0.55625 0.296875 0.559375 0.296875 0.634375 0.428125 0.6265625 0.4234375 0.55625
6 0.440625 0.425 0.3421875 0.425 0.3515625 0.478125 0.4421875 0.475 0.440625 0.425
6 0.309375 0.3703125 0.2078125 0.36875 0.2234375 0.421875 0.3078125 0.4234375 0.309375 0.3703125
6 0.5578125 0.3453125 0.465625 0.35 0.4796875 0.409375 0.55 0.3984375 0.5578125 0.3453125
6 0.178125 0.5921875 0.1140625 0.590625 0.1171875 0.63125 0.184375 0.6359375 0.178125 0.5921875
6 0.059375 0.559375 0 0.55625 0.003125 0.6109375 0.05625 0.6078125 0.059375 0.559375