6 0.526666665625 0.433333334375 0.506666665625 0.463333334375 0.51 0.5166666656250001 0.543333334375 0.53 0.553333334375 0.443333334375 0.526666665625 0.433333334375
6 0.386666665625 0.356666665625 0.35 0.366666665625 0.35 0.393333334375 0.386666665625 0.413333334375 0.396666665625 0.366666665625 0.386666665625 0.356666665625
6 0.286666665625 0.463333334375 0.263333334375 0.476666665625 0.263333334375 0.5 0.286666665625 0.5166666656250001 0.3 0.47000000000000003 0.286666665625 0.463333334375
6 0.08 0.463333334375 0.06333333437500001 0.45666666562499997 0.04 0.473333334375 0.043333334375 0.533333334375 0.08 0.533333334375 0.093333334375 0.506666665625 0.08 0.463333334375
6 0.29 0.786666665625 0.273333334375 0.77 0.253333334375 0.783333334375 0.253333334375 0.833333334375 0.273333334375 0.843333334375 0.29333333437500003 0.8099999999999999 0.29 0.786666665625
6 0.626666665625 0.8400000000000001 0.623333334375 0.8833333343750001 0.653333334375 0.89 0.656666665625 0.8266666656250001 0.626666665625 0.8400000000000001
6 0.86 0.576666665625 0.8633333343749999 0.553333334375 0.85 0.533333334375 0.813333334375 0.55 0.8099999999999999 0.583333334375 0.82 0.593333334375 0.836666665625 0.596666665625 0.86 0.576666665625
6 0.96 0.223333334375 0.946666665625 0.223333334375 0.89 0.283333334375 0.89 0.296666665625 0.93 0.316666665625 0.953333334375 0.313333334375 0.96 0.223333334375
6 0.783333334375 0.06 0.7633333343750001 0.05 0.7333333343749999 0.066666665625 0.7333333343749999 0.09666666562500001 0.7633333343750001 0.123333334375 0.79 0.083333334375 0.783333334375 0.06
6 0.386666665625 0.026666665625000002 0.36 0.033333334375 0.356666665625 0.08 0.383333334375 0.11000000000000001 0.4 0.043333334375 0.386666665625 0.026666665625000002
6 0.233333334375 0.1 0.22666666562499999 0.13666666562500002 0.25 0.15 0.26 0.113333334375 0.233333334375 0.1
6 0.276666665625 0 0.29333333437500003 0.03 0.32999999999999996 0.016666665625 0.333333334375 0 0.276666665625 0
6 0.5 0.01 0.506666665625 0.043333334375 0.53 0.05 0.533333334375 0 0.5 0.01
6 0.6900000000000001 0.26 0.673333334375 0.246666665625 0.6433333343750001 0.29333333437500003 0.646666665625 0.343333334375 0.673333334375 0.353333334375 0.693333334375 0.313333334375 0.6900000000000001 0.26