6 0.773333334375 0.2 0.783333334375 0.2 0.8 0.21000000000000002 0.806666665625 0.21000000000000002 0.836666665625 0.196666665625 0.85 0.183333334375 0.853333334375 0.173333334375 0.853333334375 0.156666665625 0.846666665625 0.15 0.846666665625 0.146666665625 0.8400000000000001 0.143333334375 0.8166666656249999 0.12 0.8 0.12 0.79 0.123333334375 0.78 0.133333334375 0.773333334375 0.15333333437500002 0.7633333343750001 0.163333334375 0.76 0.163333334375 0.756666665625 0.183333334375 0.7633333343750001 0.19 0.7633333343750001 0.193333334375 0.773333334375 0.2
6 0.53 0.11000000000000001 0.533333334375 0.11000000000000001 0.546666665625 0.09666666562500001 0.556666665625 0.07666666562499999 0.5599999999999999 0.06333333437500001 0.553333334375 0.056666665625 0.54 0.056666665625 0.533333334375 0.06 0.5133333343750001 0.08 0.5 0.106666665625 0.5033333343749999 0.12 0.5166666656250001 0.12 0.53 0.11000000000000001
6 0.45666666562499997 0.36 0.476666665625 0.333333334375 0.476666665625 0.316666665625 0.45999999999999996 0.31 0.446666665625 0.31 0.433333334375 0.323333334375 0.423333334375 0.34666666562500004 0.426666665625 0.353333334375 0.43666666562499995 0.36 0.45666666562499997 0.36
6 0.783333334375 0.596666665625 0.73 0.596666665625 0.696666665625 0.636666665625 0.7 0.693333334375 0.72 0.703333334375 0.7666666656250001 0.676666665625 0.783333334375 0.596666665625
6 0.16999999999999998 0.696666665625 0.163333334375 0.7366666656249999 0.193333334375 0.706666665625 0.19 0.6799999999999999 0.16999999999999998 0.696666665625
6 0.916666665625 0.433333334375 0.8833333343750001 0.406666665625 0.85 0.43 0.8400000000000001 0.46666666562500003 0.8566666656249999 0.483333334375 0.89 0.48666666562499994 0.916666665625 0.433333334375
6 0.066666665625 0.8566666656249999 0.066666665625 0.8800000000000001 0.09666666562500001 0.8400000000000001 0.093333334375 0.8099999999999999 0.066666665625 0.8566666656249999
6 0.49333333437500004 0.646666665625 0.49000000000000005 0.6633333343750001 0.51 0.666666665625 0.5133333343750001 0.646666665625 0.49333333437500004 0.646666665625
6 0.22999999999999998 0.756666665625 0.22999999999999998 0.773333334375 0.26 0.7666666656250001 0.253333334375 0.75 0.22999999999999998 0.756666665625
6 0.5700000000000001 0.48 0.576666665625 0.5 0.61 0.48666666562499994 0.603333334375 0.463333334375 0.5700000000000001 0.48
6 0.33666666562500003 0.446666665625 0.366666665625 0.413333334375 0.326666665625 0.426666665625 0.33666666562500003 0.446666665625
6 0.183333334375 0.42000000000000004 0.16666666562500002 0.45 0.163333334375 0.49333333437500004 0.2 0.453333334375 0.21000000000000002 0.41666666562500004 0.183333334375 0.42000000000000004
6 0.27999999999999997 0.756666665625 0.27999999999999997 0.786666665625 0.29333333437500003 0.796666665625 0.31 0.75 0.27999999999999997 0.756666665625
6 0.903333334375 0.34666666562500004 0.8866666656250001 0.34666666562500004 0.8733333343749999 0.36 0.8766666656250001 0.393333334375 0.906666665625 0.363333334375 0.903333334375 0.34666666562500004
6 0.5900000000000001 0.6599999999999999 0.553333334375 0.676666665625 0.5599999999999999 0.713333334375 0.573333334375 0.72 0.6 0.7 0.5900000000000001 0.6599999999999999
6 0.713333334375 0.903333334375 0.706666665625 0.93 0.743333334375 0.9233333343749999 0.7366666656249999 0.8933333343750001 0.713333334375 0.903333334375
6 0.423333334375 0.5599999999999999 0.426666665625 0.583333334375 0.446666665625 0.576666665625 0.44000000000000006 0.553333334375 0.423333334375 0.5599999999999999
6 0.626666665625 0.32999999999999996 0.6066666656249999 0.343333334375 0.6066666656249999 0.366666665625 0.626666665625 0.366666665625 0.64 0.35 0.626666665625 0.32999999999999996
6 0.836666665625 0.016666665625 0.8400000000000001 0.046666665625 0.8633333343749999 0.046666665625 0.8666666656249999 0.023333334375 0.836666665625 0.016666665625