6 0.49000000000000005 0.5166666656250001 0.49333333437500004 0.463333334375 0.473333334375 0.433333334375 0.446666665625 0.443333334375 0.45666666562499997 0.53 0.49000000000000005 0.5166666656250001
6 0.65 0.393333334375 0.65 0.366666665625 0.613333334375 0.356666665625 0.603333334375 0.366666665625 0.613333334375 0.413333334375 0.65 0.393333334375
6 0.7366666656249999 0.5 0.7366666656249999 0.476666665625 0.713333334375 0.463333334375 0.7 0.47000000000000003 0.713333334375 0.5166666656250001 0.7366666656249999 0.5
6 0.956666665625 0.533333334375 0.96 0.473333334375 0.936666665625 0.45666666562499997 0.9199999999999999 0.463333334375 0.906666665625 0.506666665625 0.9199999999999999 0.533333334375 0.956666665625 0.533333334375
6 0.7466666656250001 0.833333334375 0.7466666656250001 0.783333334375 0.726666665625 0.77 0.71 0.786666665625 0.706666665625 0.8099999999999999 0.726666665625 0.843333334375 0.7466666656250001 0.833333334375
6 0.376666665625 0.8833333343750001 0.373333334375 0.8400000000000001 0.343333334375 0.8266666656250001 0.34666666562500004 0.89 0.376666665625 0.8833333343750001
6 0.19 0.583333334375 0.186666665625 0.55 0.15 0.533333334375 0.13666666562500002 0.553333334375 0.13999999999999999 0.576666665625 0.163333334375 0.596666665625 0.18 0.593333334375 0.19 0.583333334375
6 0.11000000000000001 0.296666665625 0.11000000000000001 0.283333334375 0.053333334375 0.223333334375 0.04 0.223333334375 0.046666665625 0.313333334375 0.06999999999999999 0.316666665625 0.11000000000000001 0.296666665625
6 0.26666666562499997 0.09666666562500001 0.26666666562499997 0.066666665625 0.236666665625 0.05 0.21666666562499998 0.06 0.21000000000000002 0.083333334375 0.236666665625 0.123333334375 0.26666666562499997 0.09666666562500001
6 0.6433333343750001 0.08 0.64 0.033333334375 0.613333334375 0.026666665625000002 0.6 0.043333334375 0.616666665625 0.11000000000000001 0.6433333343750001 0.08
6 0.773333334375 0.13666666562500002 0.7666666656250001 0.1 0.74 0.113333334375 0.75 0.15 0.773333334375 0.13666666562500002
6 0.666666665625 0 0.67 0.016666665625 0.706666665625 0.03 0.723333334375 0 0.666666665625 0
6 0.49333333437500004 0.043333334375 0.5 0.01 0.46666666562500003 0 0.47000000000000003 0.05 0.49333333437500004 0.043333334375
6 0.353333334375 0.343333334375 0.356666665625 0.29333333437500003 0.326666665625 0.246666665625 0.31 0.26 0.306666665625 0.313333334375 0.326666665625 0.353333334375 0.353333334375 0.343333334375