1 0.4609375 0.1109375 0.015625 0.025
1 0.490625 0.2703125 0.0171875 0.040625
1 0.49375 0.3328125 0.015625 0.0265625
1 0.496875 0.365625 0.0171875 0.0234375
1 0.5015625 0.4015625 0.0171875 0.0328125
1 0.5203125 0.5171875 0.0234375 0.04375
1 0.546875 0.5234375 0.009375 0.0234375
1 0.5578125 0.5421875 0.0125 0.025
1 0.5453125 0.5515625 0.015625 0.0234375
1 0.5734375 0.634375 0.0203125 0.05625
1 0.528125 0.7171875 0.0203125 0.05
1 0.5046875 0.5796875 0.028125 0.065625
1 0.51875 0.765625 0.021875 0.0515625
1 0.5296875 0.828125 0.0171875 0.053125
1 0.603125 0.90625 0.0203125 0.028125
1 0.5390625 0.8921875 0.0125 0.0296875
1 0.521875 0.871875 0.0140625 0.0171875
1 0.5609375 0.9125 0.0109375 0.0328125
1 0.5578125 0.9484375 0.015625 0.034375
1 0.509375 0.6703125 0.01875 0.065625
1 0.584375 0.7640625 0.015625 0.0328125
1 0.521875 0.353125 0.0125 0.028125
1 0.5203125 0.3125 0.021875 0.025