1 0.934375 0.5515625 0.0625 0.0375
1 0.9828125 0.5578125 0.034375 0.028125
1 0.9453125 0.5875 0.04375 0.028125
1 0.975 0.6171875 0.0375 0.025
1 0.9328125 0.6171875 0.0125 0.0125
1 0.81875 0.5234375 0.025 0.015625
1 0.834375 0.6 0.05 0.03125
1 0.88125 0.6015625 0.01875 0.015625
1 0.8953125 0.565625 0.015625 0.01875
1 0.7546875 0.5890625 0.028125 0.01875
1 0.7109375 0.509375 0.0875 0.046875
1 0.7015625 0.55 0.01875 0.01875
1 0.690625 0.5734375 0.04375 0.03125
1 0.6546875 0.54375 0.0625 0.040625
1 0.6125 0.5515625 0.0375 0.03125
1 0.5703125 0.5484375 0.03125 0.028125
1 0.5078125 0.5203125 0.03125 0.025
1 0.4703125 0.4765625 0.075 0.034375
1 0.4453125 0.496875 0.0625 0.0375
1 0.4421875 0.5265625 0.0625 0.025
1 0.3640625 0.49375 0.05 0.028125
1 0.3421875 0.5078125 0.040625 0.028125
1 0.2890625 0.45625 0.06875 0.034375
1 0.1109375 0.4578125 0.065625 0.04375