1 0.4578125 0.015625 0.034375 0.03125
1 0.453125 0.0328125 0.0265625 0.0359375
1 0.4234375 0.075 0.01875 0.021875
1 0.4421875 0.0953125 0.015625 0.01875
1 0.4125 0.0328125 0.0125 0.0265625
1 0.4265625 0.134375 0.0234375 0.028125
1 0.4875 0.11875 0.028125 0.040625
1 0.4984375 0.1578125 0.0203125 0.0328125
1 0.45 0.1296875 0.015625 0.025
1 0.46875 0.1921875 0.021875 0.0234375
1 0.46875 0.2390625 0.0265625 0.034375
1 0.5 0.2265625 0.0390625 0.0578125
1 0.503125 0.2765625 0.0265625 0.034375
1 0.4703125 0.40625 0.015625 0.021875
1 0.4421875 0.284375 0.0140625 0.0203125
1 0.4515625 0.3390625 0.0125 0.0203125
1 0.4953125 0.303125 0.025 0.0328125
1 0.5453125 0.4734375 0.0359375 0.0796875
1 0.571875 0.53125 0.015625 0.0171875
1 0.5171875 0.6171875 0.0109375 0.01875
1 0.60625 0.8734375 0.0359375 0.04375
1 0.6 0.8140625 0.028125 0.06875
1 0.6296875 0.7609375 0.015625 0.01875
1 0.63125 0.7921875 0.0140625 0.021875
1 0.609375 0.6703125 0.0171875 0.025
1 0.6265625 0.946875 0.0203125 0.021875
1 0.6765625 0.971875 0.0140625 0.015625
1 0.434375 0.215625 0.0125 0.0140625
1 0.421875 0.1015625 0.0109375 0.0140625