1 0.453125 0.0359375 0.034375 0.071875
1 0.4984375 0.021875 0.028125 0.04375
1 0.528125 0.0234375 0.0171875 0.0203125
1 0.50625 0.11875 0.034375 0.0609375
1 0.4328125 0.1515625 0.0203125 0.025
1 0.43125 0.2609375 0.053125 0.09375
1 0.4640625 0.3203125 0.046875 0.0921875
1 0.4921875 0.346875 0.0328125 0.0640625
1 0.5 0.271875 0.0234375 0.0484375
1 0.4859375 0.4046875 0.028125 0.0515625
1 0.465625 0.4765625 0.040625 0.0390625
1 0.421875 0.5296875 0.040625 0.109375
1 0.453125 0.55 0.0453125 0.078125
1 0.4578125 0.6515625 0.0359375 0.075
1 0.48125 0.6765625 0.0296875 0.046875
1 0.4390625 0.75 0.040625 0.0796875
1 0.4765625 0.7828125 0.0234375 0.028125
1 0.5140625 0.0734375 0.0203125 0.0203125