1 0.5265625 0.034375 0.0203125 0.0390625
1 0.590625 0.0125 0.03125 0.025
1 0.5546875 0.0125 0.04375 0.0234375
1 0.59375 0.065625 0.0359375 0.075
1 0.603125 0.1328125 0.0328125 0.046875
1 0.5625 0.1703125 0.0421875 0.0640625
1 0.5484375 0.2328125 0.0421875 0.0609375
1 0.55 0.34375 0.0359375 0.05625
1 0.5359375 0.428125 0.034375 0.1015625
1 0.5734375 0.446875 0.03125 0.078125
1 0.6015625 0.3703125 0.0171875 0.034375
1 0.5203125 0.525 0.025 0.0671875
1 0.5828125 0.5046875 0.0234375 0.01875
1 0.571875 0.5921875 0.0359375 0.040625
1 0.5625 0.690625 0.0375 0.046875
1 0.509375 0.725 0.0328125 0.034375