1 0.528125 0.028125 0.021875 0.025
1 0.559375 0.121875 0.01875 0.03125
1 0.55 0.096875 0.01875 0.025
1 0.528125 0.1046875 0.025 0.075
1 0.503125 0.090625 0.025 0.06875
1 0.50625 0.1890625 0.034375 0.059375
1 0.4984375 0.2328125 0.01875 0.03125
1 0.53125 0.2828125 0.025 0.084375
1 0.540625 0.21875 0.01875 0.025
1 0.5140625 0.2578125 0.01875 0.025
1 0.490625 0.3 0.0125 0.05
1 0.5015625 0.2921875 0.01875 0.01875
1 0.5046875 0.315625 0.025 0.025
1 0.5015625 0.340625 0.01875 0.01875
1 0.5125 0.3875 0.01875 0.025
1 0.559375 0.3921875 0.01875 0.025
1 0.546875 0.3703125 0.015625 0.01875
1 0.515625 0.45 0.025 0.05
1 0.5203125 0.4921875 0.0125 0.01875
1 0.5609375 0.5140625 0.01875 0.046875
1 0.5296875 0.5359375 0.01875 0.025
1 0.503125 0.5546875 0.01875 0.025
1 0.5625 0.6140625 0.025 0.05
1 0.5078125 0.6421875 0.01875 0.028125
1 0.4953125 0.625 0.01875 0.01875
1 0.546875 0.646875 0.0125 0.025
1 0.5234375 0.7078125 0.015625 0.0375
1 0.5453125 0.734375 0.021875 0.03125
1 0.559375 0.7234375 0.025 0.025
1 0.5046875 0.7015625 0.01875 0.05
1 0.51875 0.7390625 0.021875 0.0375
1 0.54375 0.8375 0.01875 0.025
1 0.55625 0.85 0.01875 0.025
1 0.5671875 0.8609375 0.01875 0.021875
1 0.571875 0.8234375 0.0125 0.03125
1 0.50625 0.8484375 0.015625 0.03125
1 0.50625 0.9390625 0.01875 0.028125
1 0.5328125 0.934375 0.0125 0.03125
1 0.5515625 0.9296875 0.01875 0.025
1 0.4953125 0.884375 0.015625 0.021875
1 0.49375 0.909375 0.025 0.025
1 0.5171875 0.9109375 0.01875 0.01875
1 0.5609375 0.9546875 0.015625 0.028125
1 0.4890625 0.984375 0.0125 0.03125
1 0.5359375 0.975 0.015625 0.03125
1 0.503125 0.965625 0.01875 0.0125
1 0.540625 0.8828125 0.025 0.03125
1 0.503125 0.0109375 0.0125 0.01875
1 0.5640625 0.3234375 0.015625 0.025
1 0.5171875 0.3421875 0.0125 0.01875
1 0.5015625 0.4171875 0.01875 0.028125