1 0.4453125 0.7234375 0.05 0.065625
1 0.45625 0.6671875 0.028125 0.0421875
1 0.475 0.596875 0.021875 0.03125
1 0.5046875 0.5375 0.0390625 0.0578125
1 0.5453125 0.546875 0.034375 0.0421875
1 0.5703125 0.4890625 0.0421875 0.065625
1 0.546875 0.428125 0.015625 0.021875
1 0.5359375 0.46875 0.0140625 0.01875
1 0.603125 0.409375 0.05 0.09375
1 0.603125 0.325 0.021875 0.0484375
1 0.575 0.2671875 0.0203125 0.0453125
1 0.6296875 0.225 0.0203125 0.034375
1 0.56875 0.31875 0.0125 0.0125
1 0.6765625 0.0765625 0.0390625 0.06875
1 0.65 0.1234375 0.015625 0.0234375