1 0.4640625 0.0328125 0.0375 0.0625
1 0.5078125 0.0171875 0.0375 0.03125
1 0.5234375 0.1171875 0.04375 0.0625
1 0.440625 0.15 0.025 0.025
1 0.4375 0.259375 0.046875 0.096875
1 0.4796875 0.3140625 0.05 0.078125
1 0.50625 0.271875 0.01875 0.05
1 0.478125 0.2625 0.01875 0.01875
1 0.5140625 0.1953125 0.01875 0.0375
1 0.49375 0.2015625 0.0125 0.0125
1 0.4875 0.403125 0.03125 0.05
1 0.4921875 0.3578125 0.034375 0.04375
1 0.41875 0.528125 0.0375 0.090625
1 0.4640625 0.475 0.03125 0.04375
1 0.4484375 0.5546875 0.03125 0.06875
1 0.48125 0.515625 0.015625 0.01875
1 0.4875 0.5546875 0.028125 0.08125
1 0.4765625 0.6734375 0.03125 0.05