1 0.321875 0.4609375 0.0375 0.0375
1 0.3671875 0.4703125 0.06875 0.046875
1 0.425 0.475 0.04375 0.04375
1 0.4859375 0.478125 0.05 0.0375
1 0.484375 0.446875 0.04375 0.03125
1 0.5203125 0.453125 0.046875 0.0375
1 0.58125 0.434375 0.03125 0.025
1 0.6546875 0.4859375 0.05625 0.03125
1 0.721875 0.4875 0.05 0.03125
1 0.753125 0.475 0.046875 0.0375
1 0.503125 0.503125 0.04375 0.025
1 0.746875 0.425 0.040625 0.01875
1 0.796875 0.428125 0.025 0.03125
1 0.81875 0.4421875 0.025 0.028125
1 0.84375 0.490625 0.05 0.0375
1 0.8890625 0.4984375 0.04375 0.025
1 0.9234375 0.4546875 0.0375 0.03125
1 0.8578125 0.421875 0.0375 0.025
1 0.9671875 0.4875 0.0625 0.04375
1 0.971875 0.4484375 0.053125 0.0375
1 0.1671875 0.49375 0.13125 0.021875