1 0.965625 0.5265625 0.0375 0.01875
1 0.9875 0.590625 0.025 0.03125
1 0.9875 0.5546875 0.025 0.04375
1 0.934375 0.59375 0.075 0.034375
1 0.8671875 0.603125 0.046875 0.03125
1 0.8296875 0.5625 0.0625 0.04375
1 0.7671875 0.5484375 0.0625 0.04375
1 0.65625 0.55 0.05625 0.0375
1 0.571875 0.5359375 0.1 0.034375
1 0.553125 0.5734375 0.078125 0.03125
1 0.6296875 0.6015625 0.034375 0.01875
1 0.475 0.5203125 0.06875 0.025
1 0.4953125 0.5828125 0.01875 0.025
1 0.4078125 0.571875 0.040625 0.0375
1 0.309375 0.5625 0.046875 0.0375
1 0.275 0.509375 0.034375 0.03125