1 0.5296875 0.5109375 0.03125 0.0375
1 0.5046875 0.3859375 0.084375 0.21875
1 0.49375 0.515625 0.025 0.03125
1 0.5203125 0.5484375 0.021875 0.053125
1 0.5375 0.5625 0.009375 0.05
1 0.5265625 0.5890625 0.015625 0.009375
1 0.484375 0.1578125 0.025 0.028125
1 0.5125 0.1484375 0.053125 0.1
1 0.4453125 0.0390625 0.03125 0.078125
1 0.45 0.1171875 0.034375 0.08125
1 0.4828125 0.071875 0.01875 0.0375
1 0.4953125 0.05625 0.01875 0.01875
1 0.521875 0.05625 0.0125 0.025
1 0.525 0.1015625 0.0125 0.025
1 0.521875 0.7953125 0.034375 0.090625
1 0.4953125 0.8734375 0.034375 0.0625