1 0.46875 0.48125 0.078125 0.025
1 0.4453125 0.50625 0.06875 0.034375
1 0.509375 0.5203125 0.03125 0.03125
1 0.56875 0.5359375 0.04375 0.025
1 0.6484375 0.5171875 0.06875 0.04375
1 0.615625 0.5359375 0.053125 0.034375
1 0.8390625 0.5421875 0.05625 0.03125
1 0.934375 0.4859375 0.071875 0.0375
1 0.9828125 0.4828125 0.034375 0.040625
1 0.978125 0.54375 0.04375 0.028125
1 0.9484375 0.51875 0.053125 0.034375
1 0.7109375 0.475 0.096875 0.0375
1 0.6953125 0.540625 0.05 0.021875
1 0.7609375 0.546875 0.040625 0.01875
1 0.3625 0.5140625 0.06875 0.028125
1 0.3453125 0.53125 0.040625 0.025
1 0.284375 0.490625 0.06875 0.04375