1 0.48125 0.4796875 0.025 0.05625
1 0.45625 0.4734375 0.0125 0.025
1 0.4578125 0.440625 0.015625 0.03125
1 0.446875 0.4546875 0.009375 0.025
1 0.4984375 0.415625 0.01875 0.075
1 0.434375 0.3609375 0.0125 0.0625
1 0.4828125 0.2828125 0.015625 0.05
1 0.49375 0.2375 0.01875 0.065625
1 0.5015625 0.3421875 0.0125 0.08125
1 0.4171875 0.0875 0.01875 0.0375
1 0.465625 0.0484375 0.0125 0.0375
1 0.4609375 0.084375 0.0125 0.040625
1 0.48125 0.10625 0.0125 0.0375
1 0.496875 0.125 0.0125 0.01875
1 0.4875 0.1671875 0.01875 0.05625
1 0.428125 0.2359375 0.01875 0.025
1 0.4953125 0.59375 0.0125 0.03125
1 0.496875 0.6328125 0.015625 0.01875
1 0.4984375 0.6671875 0.01875 0.028125
1 0.4703125 0.6453125 0.0125 0.025
1 0.4984375 0.7296875 0.01875 0.034375
1 0.471875 0.6890625 0.01875 0.028125
1 0.5203125 0.890625 0.0125 0.01875