1 0.51875 0.45 0.096875 0.04375
1 0.690625 0.45625 0.0375 0.025
1 0.7203125 0.4453125 0.04375 0.03125
1 0.7671875 0.434375 0.05 0.040625
1 0.7625 0.46875 0.04375 0.0375
1 0.8328125 0.4203125 0.040625 0.025
1 0.8765625 0.421875 0.040625 0.0375
1 0.8078125 0.4578125 0.03125 0.03125
1 0.86875 0.4875 0.0375 0.028125
1 0.596875 0.5046875 0.028125 0.028125
1 0.9734375 0.4265625 0.053125 0.046875
1 0.9296875 0.4734375 0.03125 0.025
1 0.90625 0.4640625 0.025 0.021875
1 0.975 0.4765625 0.05 0.021875
1 0.459375 0.434375 0.028125 0.025