1 0.49375 0.4640625 0.0265625 0.1640625
1 0.4453125 0.3484375 0.01875 0.025
1 0.44375 0.2828125 0.021875 0.0640625
1 0.5046875 0.253125 0.0171875 0.040625
1 0.440625 0.1453125 0.046875 0.059375
1 0.503125 0.6296875 0.0359375 0.0609375
1 0.471875 0.5515625 0.0375 0.0453125
1 0.459375 0.4421875 0.0328125 0.0546875
1 0.5171875 0.771875 0.015625 0.059375
1 0.525 0.8671875 0.01875 0.0484375
1 0.50625 0.9421875 0.021875 0.0453125
1 0.503125 0.70625 0.01875 0.028125
1 0.4796875 0.6546875 0.025 0.0296875
1 0.490625 0.921875 0.015625 0.025
1 0.509375 0.8328125 0.0171875 0.0265625