1 0.33125 0.503125 0.1125 0.03125
1 0.4046875 0.515625 0.028125 0.0125
1 0.4109375 0.5 0.025 0.01875
1 0.4390625 0.490625 0.025 0.01875
1 0.478125 0.4796875 0.025 0.01875
1 0.615625 0.471875 0.059375 0.03125
1 0.55 0.4921875 0.0625 0.028125
1 0.6015625 0.4375 0.05625 0.01875
1 0.725 0.4234375 0.08125 0.034375
1 0.690625 0.46875 0.03125 0.021875
1 0.7875 0.4125 0.025 0.015625
1 0.828125 0.425 0.059375 0.0375
1 0.89375 0.41875 0.0375 0.025
1 0.871875 0.4 0.025 0.01875
1 0.9265625 0.384375 0.040625 0.021875