1 0.51875 0.0171875 0.0375 0.034375
1 0.503125 0.075 0.05 0.06875
1 0.4546875 0.0703125 0.0375 0.065625
1 0.4890625 0.1546875 0.0265625 0.053125
1 0.440625 0.14375 0.028125 0.04375
1 0.471875 0.121875 0.0328125 0.06875
1 0.5140625 0.1328125 0.0234375 0.0421875
1 0.50625 0.221875 0.0203125 0.0265625
1 0.434375 0.1875 0.0125 0.021875
1 0.453125 0.2515625 0.034375 0.1078125
1 0.4828125 0.2625 0.028125 0.0546875
1 0.4234375 0.28125 0.0234375 0.0609375
1 0.478125 0.20625 0.0234375 0.0328125
1 0.4875 0.365625 0.034375 0.0859375
1 0.4625 0.3765625 0.0234375 0.028125
1 0.4625 0.334375 0.0265625 0.028125
1 0.440625 0.353125 0.0390625 0.040625
1 0.4296875 0.3859375 0.0171875 0.0140625
1 0.4234375 0.43125 0.040625 0.1203125
1 0.4796875 0.446875 0.021875 0.0359375
1 0.4234375 0.503125 0.034375 0.0375
1 0.4421875 0.4875 0.0234375 0.0453125
1 0.45625 0.4953125 0.0203125 0.034375
1 0.478125 0.4984375 0.025 0.0234375
1 0.4234375 0.5515625 0.03125 0.0546875
1 0.4421875 0.61875 0.0171875 0.0328125
1 0.4734375 0.6140625 0.0171875 0.025
1 0.428125 0.6875 0.01875 0.0375
1 0.4453125 0.7078125 0.025 0.03125
1 0.46875 0.6875 0.0203125 0.0421875
1 0.4515625 0.6703125 0.0171875 0.01875
1 0.4125 0.7078125 0.028125 0.04375
1 0.4578125 0.765625 0.01875 0.021875
1 0.4671875 0.759375 0.0171875 0.0171875
1 0.4625 0.7859375 0.0171875 0.0203125
1 0.41875 0.809375 0.046875 0.05625
1 0.425 0.9328125 0.0203125 0.025
1 0.459375 0.95625 0.021875 0.015625
1 0.484375 0.465625 0.015625 0.0203125