1 0.55 0.3109375 0.0140625 0.0296875
1 0.5234375 0.315625 0.01875 0.028125
1 0.5078125 0.353125 0.0203125 0.01875
1 0.5203125 0.409375 0.0171875 0.01875
1 0.5109375 0.4328125 0.015625 0.0171875
1 0.50625 0.446875 0.0140625 0.0140625
1 0.4640625 0.4359375 0.040625 0.0671875
1 0.46875 0.54375 0.0234375 0.0390625
1 0.45 0.6046875 0.0109375 0.0125
1 0.4546875 0.63125 0.0125 0.0203125
1 0.421875 0.6828125 0.0203125 0.0296875
1 0.3953125 0.6796875 0.0078125 0.009375
1 0.3796875 0.690625 0.0171875 0.01875
1 0.421875 0.7390625 0.0140625 0.009375
1 0.409375 0.76875 0.0296875 0.04375
1 0.3875 0.828125 0.034375 0.0453125
1 0.334375 0.8359375 0.05 0.034375
1 0.346875 0.8734375 0.021875 0.0296875
1 0.33125 0.871875 0.015625 0.0203125
1 0.3453125 0.9125 0.0515625 0.04375
1 0.3109375 0.9234375 0.015625 0.0234375
1 0.2703125 0.9546875 0.0171875 0.025