1 0.63125 0.540625 0.0125 0.00625
1 0.584375 0.5421875 0.015625 0.0125
1 0.5578125 0.54375 0.015625 0.01875
1 0.50625 0.496875 0.0125 0.0125
1 0.5046875 0.5046875 0.0125 0.0125
1 0.4734375 0.4921875 0.0375 0.025
1 0.4203125 0.4921875 0.03125 0.01875
1 0.3921875 0.4671875 0.01875 0.01875
1 0.4109375 0.4375 0.025 0.0125
1 0.3921875 0.434375 0.015625 0.0125
1 0.334375 0.45625 0.021875 0.0125
1 0.334375 0.4703125 0.025 0.01875
1 0.3640625 0.4484375 0.015625 0.0125
1 0.353125 0.4328125 0.01875 0.0125
1 0.365625 0.4234375 0.0125 0.0125
1 0.3265625 0.4078125 0.0125 0.0125
1 0.2703125 0.3953125 0.0625 0.03125
1 0.525 0.49375 0.01875 0.0125
1 0.4421875 0.515625 0.021875 0.0125
1 0.471875 0.475 0.015625 0.0125
1 0.4421875 0.4953125 0.0125 0.0125
1 0.40625 0.5078125 0.01875 0.0125
1 0.4046875 0.4625 0.015625 0.015625
1 0.3921875 0.4453125 0.0125 0.00625
1 0.378125 0.5 0.015625 0.009375
1 0.3140625 0.4515625 0.01875 0.0125
1 0.321875 0.4734375 0.015625 0.009375
1 0.2921875 0.4453125 0.015625 0.0125
1 0.3046875 0.4375 0.015625 0.00625
1 0.3109375 0.428125 0.0125 0.0125
1 0.2 0.4125 0.03125 0.021875
1 0.1578125 0.3734375 0.0125 0.009375
1 0.6765625 0.578125 0.021875 0.01875
1 0.134375 0.40625 0.0125 0.00625
1 0.1328125 0.3859375 0.0125 0.0125
1 0.0984375 0.3625 0.00625 0.00625
1 0.034375 0.346875 0.025 0.0125
1 0.14375 0.3265625 0.0125 0.009375
1 0.346875 0.4875 0.0125 0.009375
1 0.3578125 0.45625 0.0125 0.009375
1 0.340625 0.44375 0.0125 0.00625
1 0.3234375 0.4453125 0.00625 0.00625
1 0.2890625 0.4203125 0.0125 0.0125
1 0.2734375 0.415625 0.015625 0.015625
1 0.28125 0.45625 0.0125 0.009375
1 0.246875 0.4125 0.01875 0.0125
1 0.6078125 0.5765625 0.015625 0.0125