1 0.4390625 0.853125 0.046875 0.075
1 0.425 0.9234375 0.025 0.04375
1 0.4625 0.9015625 0.0375 0.0515625
1 0.4796875 0.928125 0.0296875 0.0515625
1 0.4484375 0.9875 0.03125 0.025
1 0.4703125 0.98125 0.0203125 0.021875
1 0.5015625 0.9890625 0.021875 0.021875
1 0.425 0.965625 0.0140625 0.0140625
1 0.503125 0.896875 0.0234375 0.0484375
1 0.4984375 0.884375 0.0203125 0.025
1 0.4875 0.8515625 0.04375 0.0765625
1 0.5015625 0.784375 0.034375 0.0640625
1 0.48125 0.7734375 0.025 0.0265625
1 0.478125 0.7328125 0.0390625 0.0734375
1 0.4765625 0.6703125 0.0359375 0.053125
1 0.5015625 0.65625 0.0515625 0.1109375
1 0.4625 0.6078125 0.0265625 0.0578125
1 0.4640625 0.5265625 0.046875 0.1015625
1 0.5078125 0.4703125 0.040625 0.065625
1 0.5140625 0.409375 0.034375 0.05
1 0.48125 0.375 0.0359375 0.046875
1 0.5203125 0.328125 0.025 0.0765625
1 0.5078125 0.134375 0.0359375 0.0890625