1 0.546875 0.196875 0.0328125 0.059375
1 0.553125 0.25 0.01875 0.03125
1 0.4703125 0.390625 0.021875 0.0546875
1 0.5328125 0.365625 0.0171875 0.04375
1 0.4953125 0.4734375 0.040625 0.096875
1 0.50625 0.521875 0.01875 0.04375
1 0.44375 0.5703125 0.0515625 0.1234375
1 0.4140625 0.6703125 0.0296875 0.0734375
1 0.478125 0.6484375 0.0234375 0.0515625
1 0.4640625 0.7078125 0.03125 0.0546875
1 0.496875 0.590625 0.021875 0.0515625
1 0.3953125 0.875 0.0390625 0.0984375
1 0.3703125 0.96875 0.028125 0.046875