1 0.4234375 0.775 0.0359375 0.084375
1 0.446875 0.696875 0.0421875 0.0828125
1 0.375 0.7515625 0.0484375 0.1171875
1 0.428125 0.6015625 0.0328125 0.0453125
1 0.4109375 0.5609375 0.028125 0.034375
1 0.49375 0.5453125 0.0421875 0.0859375
1 0.471875 0.6140625 0.03125 0.0546875
1 0.51875 0.459375 0.040625 0.0453125
1 0.484375 0.4171875 0.040625 0.0546875
1 0.484375 0.353125 0.040625 0.059375
1 0.51875 0.234375 0.0375 0.0546875
1 0.5234375 0.1515625 0.0390625 0.109375
1 0.5765625 0.1296875 0.0375 0.075
1 0.5421875 0.0390625 0.0234375 0.0640625
1 0.5828125 0.203125 0.0234375 0.028125
1 0.6015625 0.065625 0.0234375 0.0203125
1 0.53125 0.3953125 0.0171875 0.0171875