1 0.528125 0.971875 0.021875 0.025
1 0.559375 0.878125 0.01875 0.0296875
1 0.55 0.903125 0.0171875 0.025
1 0.528125 0.8953125 0.0234375 0.0765625
1 0.503125 0.909375 0.0234375 0.06875
1 0.50625 0.8109375 0.034375 0.059375
1 0.4984375 0.7671875 0.01875 0.0296875
1 0.53125 0.7171875 0.0234375 0.084375
1 0.540625 0.78125 0.01875 0.0265625
1 0.5140625 0.7421875 0.0171875 0.0265625
1 0.490625 0.7 0.0109375 0.05
1 0.5015625 0.7078125 0.0171875 0.0203125
1 0.5046875 0.684375 0.0234375 0.025
1 0.5015625 0.659375 0.0171875 0.0203125
1 0.5125 0.6125 0.0203125 0.0265625
1 0.559375 0.6078125 0.0171875 0.0234375
1 0.546875 0.6296875 0.015625 0.0203125
1 0.515625 0.55 0.0234375 0.05
1 0.5203125 0.5078125 0.0140625 0.01875
1 0.5609375 0.4859375 0.0203125 0.046875
1 0.5296875 0.4640625 0.01875 0.0234375
1 0.503125 0.4453125 0.01875 0.025
1 0.5625 0.3859375 0.0234375 0.0484375
1 0.5078125 0.3578125 0.0171875 0.028125
1 0.4953125 0.375 0.0171875 0.0171875
1 0.546875 0.353125 0.0140625 0.0234375
1 0.5234375 0.2921875 0.015625 0.0390625
1 0.5453125 0.265625 0.021875 0.0328125
1 0.559375 0.2765625 0.025 0.0265625
1 0.5046875 0.2984375 0.0203125 0.0484375
1 0.51875 0.2609375 0.021875 0.0375
1 0.54375 0.1625 0.0203125 0.0234375
1 0.55625 0.15 0.01875 0.0234375
1 0.5671875 0.1390625 0.01875 0.021875
1 0.571875 0.1765625 0.0109375 0.03125
1 0.50625 0.1515625 0.0140625 0.0296875
1 0.50625 0.0609375 0.0171875 0.028125
1 0.5328125 0.065625 0.0140625 0.0296875
1 0.5515625 0.0703125 0.0171875 0.0265625
1 0.4953125 0.115625 0.015625 0.021875
1 0.49375 0.090625 0.0234375 0.0265625
1 0.5171875 0.0890625 0.01875 0.0203125
1 0.5609375 0.0453125 0.015625 0.028125
1 0.4890625 0.015625 0.0140625 0.0296875
1 0.5359375 0.025 0.015625 0.0296875
1 0.503125 0.034375 0.01875 0.0140625
1 0.540625 0.1171875 0.0234375 0.03125
1 0.503125 0.9890625 0.0140625 0.01875
1 0.5640625 0.6765625 0.015625 0.0265625
1 0.5171875 0.6578125 0.0140625 0.0203125
1 0.5015625 0.5828125 0.0171875 0.028125