1 0.521875 0.653125 0.0375 0.159375
1 0.528125 0.5296875 0.0265625 0.1015625
1 0.4796875 0.4171875 0.0234375 0.0296875
1 0.5 0.3421875 0.0171875 0.0234375
1 0.521875 0.36875 0.03125 0.0859375
1 0.528125 0.4421875 0.028125 0.0625
1 0.4875 0.2046875 0.021875 0.0265625
1 0.4859375 0.1515625 0.01875 0.0296875
1 0.465625 0.2015625 0.0203125 0.090625
1 0.4515625 0.2578125 0.015625 0.0375
1 0.4546875 0.128125 0.015625 0.021875
1 0.4359375 0.075 0.0109375 0.04375
1 0.4328125 0.021875 0.009375 0.0234375
1 0.471875 0.5125 0.0234375 0.1546875