1 0.41875 0.825 0.040625 0.1625
1 0.425 0.7015625 0.025 0.025
1 0.4625 0.678125 0.03125 0.04375
1 0.4546875 0.6234375 0.03125 0.03125
1 0.409375 0.559375 0.025 0.03125
1 0.4421875 0.5703125 0.021875 0.03125
1 0.471875 0.5765625 0.025 0.065625
1 0.465625 0.4109375 0.03125 0.04375
1 0.4625 0.475 0.021875 0.03125
1 0.41875 0.4046875 0.03125 0.04375
1 0.4296875 0.3015625 0.03125 0.05625
1 0.434375 0.2015625 0.025 0.06875
1 0.4234375 0.1453125 0.0375 0.0375
1 0.46875 0.1453125 0.03125 0.05
1 0.4515625 0.9734375 0.025 0.05
1 0.4703125 0.840625 0.01875 0.05