1 0.5234375 0.4453125 0.0625 0.11875
1 0.50625 0.5140625 0.03125 0.10625
1 0.4578125 0.35 0.01875 0.065625
1 0.45625 0.3046875 0.01875 0.01875
1 0.5484375 0.56875 0.01875 0.01875
1 0.528125 0.6453125 0.04375 0.115625
1 0.525 0.753125 0.015625 0.01875
1 0.575 0.834375 0.01875 0.0375
1 0.534375 0.875 0.01875 0.08125
1 0.5625 0.9109375 0.025 0.05625
1 0.59375 0.903125 0.01875 0.0625
1 0.5765625 0.9703125 0.034375 0.059375
1 0.546875 0.9703125 0.01875 0.025
1 0.5140625 0.79375 0.0125 0.01875
1 0.53125 0.778125 0.0125 0.034375
1 0.534375 0.715625 0.01875 0.01875