1 0.3109375 0.45 0.03125 0.0125
1 0.315625 0.4765625 0.028125 0.01875
1 0.353125 0.4921875 0.01875 0.01875
1 0.409375 0.4796875 0.01875 0.01875
1 0.4328125 0.4890625 0.01875 0.015625
1 0.446875 0.49375 0.0125 0.0125
1 0.4359375 0.5359375 0.06875 0.040625
1 0.54375 0.53125 0.0375 0.025
1 0.6046875 0.55 0.0125 0.0125
1 0.63125 0.5453125 0.01875 0.0125
1 0.6828125 0.578125 0.03125 0.01875
1 0.6796875 0.6046875 0.009375 0.00625
1 0.690625 0.6203125 0.01875 0.01875
1 0.7390625 0.578125 0.009375 0.0125
1 0.76875 0.590625 0.04375 0.03125
1 0.828125 0.6125 0.04375 0.034375
1 0.8359375 0.665625 0.034375 0.05
1 0.8734375 0.653125 0.03125 0.021875
1 0.871875 0.66875 0.01875 0.015625
1 0.9125 0.6546875 0.04375 0.05
1 0.9234375 0.6890625 0.025 0.015625
1 0.9546875 0.7296875 0.025 0.01875