1 0.3984375 0.3515625 0.028125 0.0484375
1 0.359375 0.3265625 0.0234375 0.0421875
1 0.409375 0.446875 0.025 0.0328125
1 0.4046875 0.471875 0.0265625 0.025
1 0.4140625 0.503125 0.01875 0.028125
1 0.4546875 0.4859375 0.0203125 0.0296875
1 0.4703125 0.5640625 0.040625 0.0828125
1 0.44375 0.5359375 0.01875 0.0234375
1 0.4375 0.575 0.0171875 0.021875
1 0.4453125 0.6 0.025 0.025
1 0.4546875 0.6296875 0.028125 0.03125
1 0.515625 0.65625 0.0234375 0.0234375
1 0.5390625 0.678125 0.01875 0.03125
1 0.521875 0.60625 0.021875 0.028125
1 0.4828125 0.678125 0.021875 0.025
1 0.490625 0.696875 0.01875 0.01875
1 0.4796875 0.715625 0.0203125 0.0234375
1 0.503125 0.7484375 0.0171875 0.059375
1 0.525 0.7921875 0.0203125 0.0203125
1 0.5796875 0.8078125 0.025 0.034375
1 0.5515625 0.834375 0.015625 0.021875
1 0.5109375 0.853125 0.0171875 0.0234375
1 0.5265625 0.8609375 0.0171875 0.0203125
1 0.6140625 0.9109375 0.0203125 0.0203125
1 0.5625 0.940625 0.0171875 0.021875
1 0.5953125 0.9859375 0.01875 0.015625
1 0.6375 0.9625 0.021875 0.028125
1 0.5765625 0.9875 0.0171875 0.0234375
1 0.4390625 0.365625 0.0171875 0.0265625
1 0.371875 0.259375 0.0203125 0.028125