1 0.4609375 0.0828125 0.021875 0.0421875
1 0.4484375 0.059375 0.0140625 0.0171875
1 0.528125 0.159375 0.025 0.034375
1 0.53125 0.19375 0.0234375 0.0265625
1 0.4421875 0.1265625 0.015625 0.01875
1 0.45 0.1671875 0.0203125 0.025
1 0.465625 0.2140625 0.021875 0.046875
1 0.4484375 0.2234375 0.0171875 0.025
1 0.490625 0.2953125 0.0296875 0.0890625
1 0.50625 0.396875 0.0390625 0.14375
1 0.428125 0.4046875 0.025 0.175
1 0.4484375 0.509375 0.015625 0.03125
1 0.50625 0.515625 0.0203125 0.0671875
1 0.44375 0.7203125 0.021875 0.0375
1 0.4140625 0.665625 0.0171875 0.0984375
1 0.4828125 0.821875 0.0234375 0.034375
1 0.425 0.834375 0.0234375 0.046875
1 0.446875 0.9421875 0.0578125 0.1140625