1 0.746875 0.5359375 0.04375 0.03125
1 0.6953125 0.5375 0.01875 0.01875
1 0.6421875 0.534375 0.015625 0.0125
1 0.553125 0.475 0.13125 0.05625
1 0.48125 0.4984375 0.1125 0.034375
1 0.4265625 0.4546875 0.028125 0.01875
1 0.3578125 0.478125 0.125 0.04375
1 0.246875 0.4859375 0.015625 0.015625
1 0.1640625 0.4375 0.03125 0.01875
1 0.1234375 0.48125 0.084375 0.01875
1 0.0875 0.45625 0.05625 0.03125
1 0.0984375 0.4234375 0.05625 0.01875
1 0.028125 0.44375 0.05625 0.03125
1 0.028125 0.4703125 0.01875 0.0125