1 0.0828125 0.4609375 0.04375 0.021875
1 0.059375 0.4484375 0.01875 0.0125
1 0.159375 0.528125 0.034375 0.025
1 0.19375 0.53125 0.025 0.025
1 0.1265625 0.4421875 0.01875 0.015625
1 0.1671875 0.45 0.025 0.01875
1 0.2140625 0.465625 0.046875 0.021875
1 0.2234375 0.4484375 0.025 0.01875
1 0.2953125 0.490625 0.0875 0.03125
1 0.396875 0.50625 0.14375 0.0375
1 0.4046875 0.428125 0.175 0.025
1 0.509375 0.4484375 0.03125 0.015625
1 0.515625 0.50625 0.06875 0.01875
1 0.7203125 0.44375 0.0375 0.021875
1 0.665625 0.4140625 0.1 0.01875
1 0.821875 0.4828125 0.034375 0.025
1 0.834375 0.425 0.046875 0.025
1 0.9421875 0.446875 0.1125 0.05625