1 0.559375 0.4734375 0.1625 0.05
1 0.409375 0.5015625 0.053125 0.03125
1 0.4734375 0.5078125 0.0625 0.0375
1 0.3296875 0.5 0.06875 0.03125
1 0.378125 0.4734375 0.04375 0.034375
1 0.1453125 0.4765625 0.0625 0.03125
1 0.6546875 0.51875 0.10625 0.05
1 0.6734375 0.4921875 0.0625 0.03125
1 0.7375 0.5015625 0.05625 0.04375
1 0.771875 0.503125 0.03125 0.03125
1 0.784375 0.53125 0.0625 0.046875
1 0.853125 0.525 0.071875 0.05
1 0.8515625 0.475 0.0875 0.04375
1 0.9328125 0.51875 0.05625 0.028125
1 0.903125 0.5453125 0.04375 0.025
1 0.90625 0.4984375 0.0625 0.034375
1 0.925 0.4671875 0.05 0.025
1 0.96875 0.46875 0.025 0.025
1 0.9875 0.4953125 0.025 0.040625
1 0.9890625 0.5453125 0.021875 0.021875