1 0.53125 0.7203125 0.021875 0.0703125
1 0.5265625 0.8953125 0.0203125 0.0515625
1 0.5015625 0.909375 0.0203125 0.0421875
1 0.5125 0.5515625 0.028125 0.0546875
1 0.5125 0.6140625 0.01875 0.0265625
1 0.4984375 0.6984375 0.0234375 0.0609375
1 0.5046875 0.7953125 0.0265625 0.0671875
1 0.5140625 0.296875 0.034375 0.0296875
1 0.5484375 0.2703125 0.0375 0.0375
1 0.5 0.4421875 0.021875 0.059375
1 0.5140625 0.075 0.0328125 0.04375
1 0.5546875 0.04375 0.0234375 0.0359375
1 0.5078125 0.1484375 0.0203125 0.028125