1 0.496875 0.309375 0.05 0.0375
1 0.4703125 0.2265625 0.01875 0.025
1 0.5046875 0.140625 0.028125 0.04375
1 0.5234375 0.0890625 0.01875 0.01875
1 0.421875 0.496875 0.04375 0.046875
1 0.503125 0.4203125 0.021875 0.03125
1 0.4375 0.3671875 0.01875 0.025
1 0.503125 0.38125 0.021875 0.028125
1 0.4546875 0.6140625 0.021875 0.03125
1 0.4875 0.534375 0.021875 0.025
1 0.4109375 0.5703125 0.03125 0.05
1 0.434375 0.5421875 0.021875 0.01875
1 0.396875 0.628125 0.01875 0.040625
1 0.3859375 0.6796875 0.03125 0.040625
1 0.4234375 0.6609375 0.025 0.03125
1 0.45625 0.6625 0.025 0.03125
1 0.4265625 0.721875 0.025 0.025
1 0.4171875 0.6921875 0.025 0.021875
1 0.378125 0.715625 0.03125 0.025
1 0.346875 0.753125 0.01875 0.025
1 0.3875 0.9109375 0.028125 0.05
1 0.3828125 0.8265625 0.021875 0.025
1 0.309375 0.89375 0.025 0.034375
1 0.40625 0.884375 0.025 0.01875
1 0.41875 0.465625 0.01875 0.01875