1 0.446875 0.234375 0.0375 0.096875
1 0.509375 0.2125 0.028125 0.0734375
1 0.5078125 0.29375 0.021875 0.0625
1 0.50625 0.38125 0.0265625 0.0625
1 0.5046875 0.453125 0.03125 0.084375
1 0.459375 0.390625 0.0359375 0.0453125
1 0.434375 0.421875 0.0265625 0.0515625
1 0.4578125 0.5765625 0.034375 0.0671875
1 0.50625 0.546875 0.0359375 0.0484375
1 0.440625 0.640625 0.034375 0.065625
1 0.4359375 0.759375 0.034375 0.0625
1 0.415625 0.853125 0.040625 0.1140625
1 0.4578125 0.8765625 0.034375 0.0890625
1 0.396875 0.9546875 0.0296875 0.0640625