1 0.44375 0.0328125 0.0359375 0.0640625
1 0.44375 0.090625 0.0203125 0.0359375
1 0.4609375 0.0703125 0.0171875 0.025
1 0.4703125 0.1171875 0.0203125 0.046875
1 0.484375 0.225 0.0171875 0.0546875
1 0.4390625 0.2171875 0.021875 0.053125
1 0.4671875 0.3203125 0.0140625 0.0234375
1 0.4828125 0.3421875 0.01875 0.0375
1 0.465625 0.4109375 0.025 0.0515625
1 0.5296875 0.4515625 0.025 0.0703125
1 0.5 0.4390625 0.0125 0.028125
1 0.525 0.525 0.021875 0.0515625
1 0.4953125 0.521875 0.01875 0.0296875
1 0.4890625 0.5828125 0.0171875 0.0265625
1 0.5171875 0.5953125 0.0140625 0.028125
1 0.525 0.6296875 0.015625 0.034375
1 0.54375 0.6734375 0.0140625 0.0203125
1 0.5765625 0.8375 0.028125 0.0640625
1 0.5515625 0.58125 0.0125 0.028125
1 0.478125 0.15 0.01875 0.03125
1 0.5015625 0.25 0.0171875 0.0609375