1 0.55 0.3734375 0.0375 0.10625
1 0.5046875 0.290625 0.0203125 0.053125
1 0.5625 0.1625 0.0203125 0.0859375
1 0.5359375 0.1234375 0.021875 0.0203125
1 0.51875 0.175 0.0171875 0.021875
1 0.55 0.0515625 0.04375 0.0578125
1 0.5671875 0.0109375 0.0234375 0.0140625
1 0.5046875 0.478125 0.01875 0.0484375
1 0.50625 0.59375 0.01875 0.0515625
1 0.5296875 0.5515625 0.034375 0.0546875
1 0.559375 0.65625 0.028125 0.1625
1 0.5625 0.553125 0.015625 0.0203125
1 0.5546875 0.8328125 0.0359375 0.0796875
1 0.5296875 0.90625 0.028125 0.0515625