1 0.5609375 0.146875 0.046875 0.075
1 0.575 0.0765625 0.025 0.04375
1 0.5375 0.0984375 0.0375 0.05
1 0.5203125 0.071875 0.03125 0.05
1 0.5515625 0.0125 0.03125 0.025
1 0.5296875 0.01875 0.01875 0.021875
1 0.4984375 0.0109375 0.021875 0.021875
1 0.575 0.034375 0.0125 0.0125
1 0.496875 0.103125 0.025 0.05
1 0.5015625 0.115625 0.01875 0.025
1 0.5125 0.1484375 0.04375 0.075
1 0.4984375 0.215625 0.034375 0.0625
1 0.51875 0.2265625 0.025 0.025
1 0.521875 0.2671875 0.0375 0.075
1 0.5234375 0.3296875 0.0375 0.053125
1 0.4984375 0.34375 0.05 0.1125
1 0.5375 0.3921875 0.025 0.05625
1 0.5359375 0.4734375 0.046875 0.1
1 0.4921875 0.5296875 0.040625 0.065625
1 0.4859375 0.590625 0.034375 0.05
1 0.51875 0.625 0.0375 0.046875
1 0.4796875 0.671875 0.025 0.075
1 0.4921875 0.865625 0.0375 0.0875