1 0.5359375 0.253125 0.0296875 0.04375
1 0.5375 0.3046875 0.0171875 0.01875
1 0.534375 0.3578125 0.0140625 0.015625
1 0.475 0.446875 0.0578125 0.1296875
1 0.4984375 0.51875 0.034375 0.1140625
1 0.4546875 0.5734375 0.0203125 0.028125
1 0.478125 0.6421875 0.0421875 0.1234375
1 0.4859375 0.753125 0.015625 0.015625
1 0.4375 0.8359375 0.0203125 0.03125
1 0.48125 0.8765625 0.01875 0.084375
1 0.45625 0.9125 0.0296875 0.05625
1 0.4234375 0.9015625 0.0171875 0.0546875
1 0.44375 0.971875 0.03125 0.05625
1 0.4703125 0.971875 0.0140625 0.0171875