1 0.33125 0.5046875 0.05625 0.01875
1 0.1421875 0.471875 0.0625 0.021875
1 0.378125 0.475 0.0375 0.021875
1 0.403125 0.503125 0.034375 0.03125
1 0.46875 0.50625 0.059375 0.03125
1 0.5265625 0.4703125 0.1 0.05
1 0.6015625 0.475 0.05 0.025
1 0.65625 0.525 0.1125 0.03125
1 0.6765625 0.49375 0.05625 0.025
1 0.740625 0.503125 0.071875 0.040625
1 0.7859375 0.5296875 0.0625 0.028125
1 0.853125 0.525 0.0625 0.04375
1 0.853125 0.4765625 0.06875 0.04375
1 0.9296875 0.521875 0.05 0.03125
1 0.928125 0.46875 0.04375 0.025