0 0.165625 0.1015625 0.0953125 0.1015625
0 0.0734375 0.128125 0.0546875 0.059375
0 0.1671875 0.2140625 0.065625 0.0609375
0 0.3671875 0.340625 0.1875 0.1828125
0 0.2609375 0.3515625 0.046875 0.0578125
0 0.53125 0.46875 0.1125 0.1328125
0 0.4375 0.528125 0.0671875 0.084375
0 0.6390625 0.5625 0.0625 0.0453125
0 0.5625 0.6515625 0.04375 0.0890625
0 0.69375 0.6375 0.0609375 0.071875
0 0.7125 0.7265625 0.0515625 0.0515625
0 0.809375 0.7890625 0.084375 0.0765625
0 0.8734375 0.9203125 0.1296875 0.0984375