0 0.4953125 0.090625 0.028125 0.0578125
0 0.515625 0.0546875 0.0359375 0.0953125
0 0.56875 0.053125 0.05625 0.1
0 0.6375 0.0671875 0.0453125 0.1203125
0 0.590625 0.159375 0.0640625 0.090625
0 0.578125 0.290625 0.075 0.1234375
0 0.4859375 0.296875 0.0671875 0.0890625
0 0.571875 0.41875 0.0515625 0.0875
0 0.6078125 0.5265625 0.05625 0.078125
0 0.6515625 0.4203125 0.059375 0.0890625
0 0.6640625 0.284375 0.0515625 0.1265625
0 0.471875 0.590625 0.075 0.2078125
0 0.571875 0.6515625 0.075 0.1140625
0 0.5328125 0.771875 0.0640625 0.125
0 0.56875 0.90625 0.0921875 0.121875
0 0.6640625 0.80625 0.0234375 0.103125
0 0.4421875 0.7515625 0.0421875 0.0609375
0 0.440625 0.9171875 0.075 0.165625
0 0.665625 0.9453125 0.04375 0.0609375