0 0.5296875 0.9234375 0.01875 0.0875
0 0.5109375 0.940625 0.0125 0.0875
0 0.4953125 0.959375 0.015625 0.08125
0 0.5078125 0.7890625 0.01875 0.075
0 0.5203125 0.625 0.015625 0.06875
0 0.484375 0.678125 0.0125 0.103125
0 0.45625 0.6046875 0.0125 0.06875
0 0.496875 0.3421875 0.01875 0.090625
0 0.4890625 0.55 0.01875 0.103125
0 0.5078125 0.5296875 0.0125 0.078125
0 0.5203125 0.146875 0.01875 0.075
0 0.4796875 0.0390625 0.009375 0.078125
0 0.48125 0.453125 0.0125 0.0875
0 0.4578125 0.3484375 0.01875 0.10625
0 0.465625 0.2078125 0.01875 0.09375
0 0.48125 0.125 0.015625 0.08125
0 0.521875 0.0359375 0.0375 0.071875
0 0.45625 0.915625 0.03125 0.165625
0 0.4515625 0.8046875 0.01875 0.05
0 0.4921875 0.23125 0.0125 0.0875
0 0.51875 0.3875 0.01875 0.05625
0 0.540625 0.1421875 0.015625 0.075