0 0.42320125 0.78299625 0.43843875 0.78299625 0.44974375 0.782505 0.457116875 0.655691875 0.42860812499999995 0.6542175 0.42320125 0.78299625
0 0.534285625 0.81592875 0.534285625 0.822318125 0.531336875 0.8930975 0.549523125 0.893589375 0.5514887500000001 0.8164199999999999 0.534285625 0.81592875
0 0.37798125 0.7785725 0.363726875 0.869504375 0.385845625 0.869504375 0.39813375 0.779064375 0.37798125 0.7785725
0 0.459574375 0.3863375 0.45515062500000003 0.507251875 0.4816925 0.50774375 0.48513312500000005 0.388303125 0.459574375 0.3863375
0 0.45859125 0.214795625 0.459574375 0.23347375 0.446303125 0.236914375 0.44089625000000005 0.314083125 0.463998125 0.314575 0.46596374999999995 0.297863125 0.4767775 0.30621875 0.482675625 0.30720187499999996 0.484641875 0.248219375 0.47628624999999997 0.239863125 0.487099375 0.17694812499999998 0.48021812500000005 0.16859249999999998 0.469404375 0.153846875 0.46989625 0.11354187499999999 0.48611624999999997 0.10371125 0.484641875 0.0781525 0.484150625 0.06488125 0.489556875 0.06488125 0.48513312500000005 0.129270625 0.49693 0.1346775 0.50626875 0.000983125 0.463998125 0.000983125 0.459574375 0.16859249999999998 0.47137062500000004 0.171541875 0.47137062500000004 0.20938875 0.45859125 0.214795625
0 0.51904875 0.31949 0.5151162499999999 0.368150625 0.524946875 0.36667625 0.5347775 0.2703375 0.5274043749999999 0.266896875 0.52887875 0.24084625 0.52003125 0.24281250000000001 0.5215062500000001 0.20152437499999998 0.511675625 0.205948125 0.50774375 0.27230375 0.5151162499999999 0.2718125 0.5106925 0.315558125 0.51904875 0.31949
0 0.5740993750000001 0.361269375 0.56918375 0.33472749999999996 0.5475568749999999 0.336693125 0.543133125 0.40354062500000004 0.55787875 0.404031875 0.561319375 0.36176125 0.5740993750000001 0.361269375
0 0.505285625 0.42074375 0.499879375 0.46743875 0.514625 0.4654725 0.5215062500000001 0.42172687499999995 0.505285625 0.42074375
0 0.5362518749999999 0.5790143750000001 0.536743125 0.53526875 0.529370625 0.5333025 0.53035375 0.48759125000000003 0.518556875 0.492015 0.515608125 0.538709375 0.5087262499999999 0.55296375 0.5092181250000001 0.585895625 0.5362518749999999 0.5790143750000001
0 0.43450625 0.53281125 0.43401500000000004 0.5962175000000001 0.44974375 0.5962175000000001 0.450235 0.527895625 0.43450625 0.53281125
0 0.5151162499999999 0.622268125 0.5141331250000001 0.6709293749999999 0.529370625 0.671420625 0.5362518749999999 0.61587875 0.5151162499999999 0.622268125
0 0.46350625 0.8852331250000001 0.4605575 0.8572162499999999 0.46792999999999996 0.8527925 0.470879375 0.7687425 0.45809937500000003 0.77169125 0.46154 0.797250625 0.45220125 0.797250625 0.446303125 0.8852331250000001 0.46350625 0.8852331250000001
0 0.4315575 0.835098125 0.42762500000000003 0.9088262500000001 0.441388125 0.9103012500000001 0.444336875 0.834115 0.4315575 0.835098125
0 0.4074725 0.886708125 0.41631999999999997 0.8016743749999999 0.405998125 0.7962675 0.4089475 0.770708125 0.399116875 0.77169125 0.3976425 0.82575875 0.404031875 0.8282168750000001 0.39813375 0.886708125 0.4074725 0.886708125
0 0.5446075 0.227575 0.54215 0.291473125 0.56033625 0.284591875 0.5549299999999999 0.22560937499999997 0.5446075 0.227575
0 0.531828125 0 0.5274043749999999 0.055050625 0.550014375 0.055050625 0.55296375 0.00049125 0.531828125 0
0 0.540675625 0.599658125 0.5411668749999999 0.630624375 0.561319375 0.637014375 0.5623025 0.585895625 0.57164125 0.585895625 0.57557375 0.5514887500000001 0.5637768750000001 0.5509975 0.56033625 0.550014375 0.561319375 0.572624375 0.548048125 0.5736074999999999 0.55050625 0.595234375 0.540675625 0.599658125
0 0.58048875 0.0943725 0.58294625 0.09683 0.5799974999999999 0.156304375 0.59376 0.154338125 0.5976925 0.095355625 0.58048875 0.0943725
0 0.45367562499999997 0.178423125 0.44679437499999997 0.156795625 0.437455625 0.1572875 0.439913125 0.10813500000000001 0.42320125 0.10616874999999999 0.4187775 0.18038875000000001 0.44876062499999997 0.18382937500000002 0.45367562499999997 0.178423125
0 0.412388125 0.948148125 0.40698125 0.999375 0.440405 0.999266875 0.441388125 0.95552125 0.412388125 0.948148125
0 0.5573875 0.111575625 0.54215 0.12140625000000001 0.5170825 0.11059250000000001 0.518556875 0.158761875 0.53772625 0.15483 0.5416587500000001 0.14106687499999998 0.55296375 0.145490625 0.5549299999999999 0.131728125 0.567709375 0.12632125 0.572624375 0.066355625 0.57311625 0.0604575 0.5598449999999999 0.059965625 0.5573875 0.111575625
0 0.5785224999999999 0.023593125 0.581471875 0.060948749999999996 0.5913025000000001 0.061931875000000004 0.5976925 0.0250675 0.5785224999999999 0.023593125
0 0.538218125 0.484641875 0.53576 0.531828125 0.545099375 0.5416587500000001 0.552471875 0.48857437499999995 0.538218125 0.484641875
0 0.419269375 0.48513312500000005 0.41828624999999997 0.536743125 0.43057437500000006 0.53772625 0.4315575 0.48611624999999997 0.419269375 0.48513312500000005
0 0.49054000000000003 0.8572162499999999 0.49004875 0.9048943749999999 0.5043025 0.900470625 0.507251875 0.85869125 0.49054000000000003 0.8572162499999999