0 0.6265625 0.096875 0.0484375 0.0546875
0 0.596875 0.153125 0.0453125 0.053125
0 0.640625 0.2296875 0.053125 0.146875
0 0.575 0.3203125 0.065625 0.1015625
0 0.4421875 0.0921875 0.0453125 0.0453125
0 0.4875 0.1828125 0.046875 0.06875
0 0.4765625 0.3078125 0.1265625 0.153125
0 0.459375 0.4953125 0.1 0.08125
0 0.603125 0.4609375 0.0390625 0.0640625
0 0.590625 0.5484375 0.0703125 0.06875
0 0.6390625 0.6078125 0.040625 0.0484375
0 0.61875 0.725 0.04375 0.1078125
0 0.5640625 0.65 0.0640625 0.0671875
0 0.4953125 0.6921875 0.0390625 0.140625
0 0.51875 0.8375 0.0375 0.1109375
0 0.578125 0.8046875 0.0578125 0.08125