0 0.021875 0.5265625 0.04375 0.075
0 0.090625 0.5 0.08125 0.05
0 0.1921875 0.5171875 0.10625 0.03125
0 0.1140625 0.55 0.096875 0.03125
0 0.2765625 0.553125 0.05 0.01875
0 0.321875 0.515625 0.096875 0.0375
0 0.3171875 0.46875 0.0875 0.025
0 0.3859375 0.4859375 0.05625 0.0125
0 0.4171875 0.5109375 0.053125 0.01875
0 0.3828125 0.5578125 0.13125 0.009375
0 0.425 0.540625 0.059375 0.021875
0 0.45625 0.4859375 0.0375 0.025
0 0.5234375 0.46875 0.06875 0.04375
0 0.5328125 0.525 0.06875 0.025
0 0.5734375 0.559375 0.10625 0.0125
0 0.6328125 0.51875 0.08125 0.0375
0 0.61875 0.4671875 0.08125 0.0375
0 0.73125 0.4515625 0.0375 0.01875
0 0.7359375 0.4921875 0.1 0.0375
0 0.7546875 0.55625 0.075 0.025
0 0.8296875 0.5109375 0.0625 0.05
0 0.83125 0.4578125 0.059375 0.028125
0 0.896875 0.4921875 0.0625 0.06875
0 0.896875 0.553125 0.0375 0.01875
0 0.9828125 0.5015625 0.034375 0.025