0 0.4921875 0.1078125 0.115625 0.15
0 0.540625 0.2921875 0.01875 0.209375
0 0.4859375 0.321875 0.04375 0.16875
0 0.5109375 0.4453125 0.028125 0.04375
0 0.56875 0.4484375 0.015625 0.03125
0 0.56875 0.415625 0.01875 0.025
0 0.559375 0.50625 0.01875 0.03125
0 0.484375 0.528125 0.05 0.0875
0 0.546875 0.5734375 0.04375 0.06875
0 0.49375 0.63125 0.025 0.040625
0 0.5578125 0.703125 0.025 0.125
0 0.4953125 0.7046875 0.05625 0.0625
0 0.5625 0.828125 0.059375 0.13125
0 0.478125 0.81875 0.03125 0.05
0 0.5125 0.853125 0.01875 0.028125
0 0.5640625 0.9421875 0.0125 0.0375
0 0.51875 0.9375 0.0125 0.034375