0 0.475 0.909375 0.1140625 0.1453125
0 0.465625 0.584375 0.0296875 0.0765625
0 0.46875 0.7546875 0.034375 0.0875
0 0.5203125 0.303125 0.0125 0.090625
0 0.5609375 0.3125 0.0203125 0.1015625
0 0.5 0.3390625 0.0109375 0.0359375
0 0.46875 0.3625 0.009375 0.0546875
0 0.5359375 0.2546875 0.009375 0.0515625
0 0.565625 0.1703125 0.0140625 0.0921875
0 0.515625 0.0953125 0.015625 0.0796875
0 0.5515625 0.078125 0.0171875 0.0796875
0 0.571875 0.08125 0.0125 0.053125
0 0.49375 0.075 0.009375 0.04375
0 0.528125 0.009375 0.01875 0.01875
0 0.5515625 0.0140625 0.009375 0.028125
0 0.5640625 0.015625 0.0109375 0.0296875
0 0.515625 0.40625 0.0109375 0.0734375
0 0.496875 0.4953125 0.009375 0.078125
0 0.5125 0.5109375 0.0125 0.10625
0 0.50625 0.64375 0.0125 0.09375
0 0.540625 0.5734375 0.015625 0.0734375
0 0.48843500000000006 0.554733125 0.48693687499999994 0.600430625 0.49555187500000003 0.5996812499999999 0.498548125 0.5554825 0.48843500000000006 0.554733125
0 0.524768125 0.7614943750000001 0.52177125 0.800074375 0.537878125 0.795954375 0.5405 0.7614943750000001 0.524768125 0.7614943750000001
0 0.530386875 0.110871875 0.5307612500000001 0.149826875 0.5386268750000001 0.14608125 0.5412487500000001 0.11012249999999998 0.530386875 0.110871875
0 0.5210225 0.151699375 0.521396875 0.18166500000000002 0.526640625 0.18129062499999998 0.527015625 0.150950625 0.5210225 0.151699375
0 0.5292631250000001 0.23447874999999999 0.5360050000000001 0.22511437500000003 0.54387125 0.139713125 0.53300875 0.15994 0.5251425000000001 0.236351875 0.5292631250000001 0.23447874999999999