0 0.217495 0.55025625 0.21700375 0.56156125 0.21700375 0.57679875 0.3457825 0.571391875 0.344308125 0.542883125 0.217495 0.55025625
0 0.10690249999999998 0.46866312499999996 0.177681875 0.465714375 0.18407125 0.465714375 0.18358000000000002 0.44851125 0.10641062500000001 0.450476875 0.10690249999999998 0.46866312499999996
0 0.130495625 0.636273125 0.22142750000000003 0.62201875 0.220935625 0.6018662499999999 0.130495625 0.614154375 0.130495625 0.636273125
0 0.492748125 0.544849375 0.6136625 0.540425625 0.611696875 0.514866875 0.49225624999999995 0.5183074999999999 0.492748125 0.544849375
0 0.8314075000000001 0.540425625 0.999016875 0.536001875 0.999016875 0.49373125 0.8653225000000001 0.50307 0.870729375 0.514866875 0.93511875 0.510443125 0.93511875 0.5158493749999999 0.9218474999999999 0.515358125 0.8962887500000001 0.51388375 0.8864581250000001 0.53010375 0.8461531250000001 0.530595625 0.8314075000000001 0.519781875 0.823051875 0.512900625 0.7601368749999999 0.52371375 0.751780625 0.515358125 0.692798125 0.5173243750000001 0.69378125 0.5232224999999999 0.702136875 0.53403625 0.6854250000000001 0.536001875 0.685916875 0.55910375 0.763085625 0.553696875 0.76652625 0.540425625 0.785204375 0.54140875 0.79061125 0.528629375 0.828458125 0.528629375 0.8314075000000001 0.540425625
0 0.7276962499999999 0.49225624999999995 0.794051875 0.48832437500000003 0.798475625 0.47849375 0.7571875 0.47996875 0.7591537500000001 0.47112125000000005 0.733103125 0.472595625 0.7296625 0.4652225 0.63332375 0.47505312499999997 0.631849375 0.48488375 0.6805100000000001 0.48095125000000005 0.684441875 0.48930749999999995 0.7281875 0.48488375 0.7276962499999999 0.49225624999999995
0 0.596459375 0.45686687499999995 0.663306875 0.452443125 0.6652725 0.43081625 0.638730625 0.425900625 0.63823875 0.43868062500000005 0.595968125 0.44212125 0.596459375 0.45686687499999995
0 0.53256125 0.500120625 0.57925625 0.49471437500000004 0.578273125 0.47849375 0.5345275 0.485375 0.53256125 0.500120625
0 0.461290625 0.484391875 0.507985 0.481443125 0.51240875 0.46964625 0.4666975 0.470629375 0.46473125 0.463256875 0.420985625 0.46374812500000007 0.41410437499999997 0.490781875 0.44703625 0.49127375000000006 0.461290625 0.484391875
0 0.4037825 0.565985 0.46718875000000004 0.56549375 0.47210437499999997 0.5497650000000001 0.4037825 0.55025625 0.4037825 0.565985
0 0.329070625 0.485866875 0.377731875 0.48488375 0.38412125 0.46374812500000007 0.328579375 0.470629375 0.329070625 0.485866875
0 0.202749375 0.5384599999999999 0.22830875 0.541900625 0.23125749999999998 0.529120625 0.1472075 0.53207 0.14278375000000001 0.5394425 0.114766875 0.53649375 0.114766875 0.553696875 0.202749375 0.54779875 0.202749375 0.5384599999999999
0 0.09117375 0.572375 0.164901875 0.5684425 0.165885 0.5556631249999999 0.08969875000000001 0.558611875 0.09117375 0.572375
0 0.17424125 0.6023575 0.22830875 0.600883125 0.229291875 0.5910525 0.2037325 0.594001875 0.198325625 0.58368 0.113291875 0.5925275 0.113291875 0.6018662499999999 0.17178312499999998 0.595968125 0.17424125 0.6023575
0 0.708526875 0.45785 0.7724249999999999 0.4553925 0.774390625 0.44507 0.715408125 0.43966374999999996 0.708526875 0.45785
0 0.944949375 0.472595625 1 0.468171875 0.9995087500000001 0.44703625 0.944949375 0.44998562499999994 0.944949375 0.472595625
0 0.427375625 0.43868062500000005 0.44998562499999994 0.43966374999999996 0.4490025 0.436223125 0.44851125 0.42442624999999995 0.41410437499999997 0.42835875 0.41410437499999997 0.43769749999999996 0.362985625 0.43868062500000005 0.369375625 0.45883312500000006 0.40034187499999996 0.459324375 0.404765625 0.44949374999999997 0.42639250000000006 0.45195187499999995 0.427375625 0.43868062500000005
0 0.843695625 0.4200025 0.90317 0.41705375 0.9056274999999999 0.41951124999999995 0.904644375 0.40230750000000004 0.845661875 0.40624000000000005 0.843695625 0.4200025
0 0.8938312500000001 0.57679875 0.8918649999999999 0.560086875 0.8427125 0.562544375 0.843204375 0.553205625 0.8215768750000001 0.546324375 0.816170625 0.551239375 0.81961125 0.5812225 0.8938312500000001 0.57679875
0 0.000625 0.5930187499999999 0.051851875000000006 0.587611875 0.04447875 0.558611875 0.000733125 0.5595950000000001 0.000625 0.5930187499999999
0 0.9336443750000001 0.427375625 0.8736787500000001 0.432290625 0.8682718749999999 0.44507 0.8545093749999999 0.44703625 0.8589331250000001 0.45834125 0.8451700000000001 0.46227375000000004 0.841238125 0.481443125 0.8894075000000001 0.4829175 0.87859375 0.45785 0.8884243749999999 0.44261249999999996 0.940034375 0.440155 0.9395425 0.42688375 0.9336443750000001 0.427375625
0 0.93905125 0.41852812500000003 0.976406875 0.42147750000000006 0.9749325000000001 0.40230750000000004 0.938068125 0.4086975 0.93905125 0.41852812500000003
0 0.468171875 0.46424000000000004 0.515358125 0.46178187499999995 0.511425625 0.447528125 0.45834125 0.45490062499999995 0.468171875 0.46424000000000004
0 0.463256875 0.58171375 0.514866875 0.580730625 0.51388375 0.5684425 0.46227375000000004 0.5694256249999999 0.463256875 0.58171375
0 0.095105625 0.5099512500000001 0.14278375000000001 0.50946 0.14130875 0.492748125 0.099529375 0.4956975 0.095105625 0.5099512500000001