0 0.2078125 0.609375 0.10625 0.03125
0 0.465625 0.5671875 0.10625 0.040625
0 0.046875 0.5609375 0.09375 0.0375
0 0.2328125 0.50625 0.128125 0.025
0 0.9359375 0.5984375 0.128125 0.04375
0 0.715625 0.55 0.14375 0.05625
0 0.940625 0.5203125 0.11875 0.065625
0 0.35 0.55 0.121875 0.03125
0 0.359375 0.471875 0.125 0.01875
0 0.546875 0.5109375 0.21875 0.021875
0 0.61875 0.6 0.171875 0.0375
0 0.090625 0.478125 0.1375 0.025
0 0.390625 0.615625 0.203125 0.03125
0 0.059375 0.6125 0.075 0.03125
0 0.59375 0.540625 0.08125 0.025
0 0.115625 0.53125 0.0625 0.025
0 0.1375 0.559375 0.075 0.025
0 0.2453125 0.45 0.08125 0.0375
0 0.703125 0.4875 0.134375 0.0375
0 0.790625 0.609375 0.15 0.03125
0 0.378125 0.5 0.0875 0.01875
0 0.10625 0.434375 0.1 0.03125