0 0.45 0.0578125 0.1625 0.1125
0 0.5515625 0.1015625 0.05 0.084375
0 0.48125 0.259375 0.15625 0.271875
0 0.5109375 0.4328125 0.115625 0.08125
0 0.5578125 0.509375 0.04375 0.04375
0 0.5328125 0.584375 0.05625 0.0875
0 0.4640625 0.534375 0.0375 0.10625
0 0.4125 0.525 0.025 0.04375
0 0.428125 0.575 0.015625 0.05
0 0.440625 0.6265625 0.0375 0.04375
0 0.471875 0.653125 0.0375 0.05625
0 0.5421875 0.74375 0.021875 0.15
0 0.4671875 0.7359375 0.0625 0.0875
0 0.5609375 0.8890625 0.1 0.1625
0 0.4609375 0.890625 0.075 0.13125