0 0.49375 0.1875 0.0421875 0.096875
0 0.40625 0.0625 0.0375 0.1203125
0 0.40625 0.3765625 0.03125 0.1
0 0.5078125 0.3625 0.040625 0.0890625
0 0.45 0.546875 0.0390625 0.1171875
0 0.45 0.30625 0.0421875 0.1046875
0 0.471875 0.684375 0.028125 0.1015625
0 0.4078125 0.671875 0.046875 0.115625
0 0.496875 0.9046875 0.0421875 0.096875
0 0.484375 0.05 0.0875 0.1
0 0.465625 0.4453125 0.0515625 0.125
0 0.440625 0.809375 0.0765625 0.1171875
0 0.43125 0.93125 0.0609375 0.0921875
0 0.521875 0.5984375 0.0203125 0.078125