0 0.059375 0.4921875 0.11875 0.040625
0 0.0171875 0.546875 0.034375 0.03125
0 0.0296875 0.590625 0.03125 0.025
0 0.090625 0.56875 0.09375 0.084375
0 0.253125 0.525 0.30625 0.20625
0 0.4375 0.528125 0.053125 0.05625
0 0.5140625 0.4296875 0.0625 0.04375
0 0.53125 0.5296875 0.11875 0.01875
0 0.515625 0.5671875 0.059375 0.05
0 0.56875 0.571875 0.0375 0.028125
0 0.61875 0.5546875 0.0375 0.04375
0 0.5859375 0.471875 0.09375 0.059375
0 0.6375 0.428125 0.04375 0.03125
0 0.7296875 0.4640625 0.134375 0.075
0 0.659375 0.5359375 0.046875 0.03125
0 0.7265625 0.540625 0.075 0.0625
0 0.8703125 0.4046875 0.15625 0.06875
0 0.8625 0.4828125 0.14375 0.075
0 0.83125 0.56875 0.0375 0.03125
0 0.8875 0.5484375 0.090625 0.0375
0 0.9859375 0.4359375 0.028125 0.021875
0 0.9890625 0.5 0.021875 0.025