0 0.4953125 0.909375 0.028125 0.05625
0 0.515625 0.9453125 0.0375 0.09375
0 0.56875 0.946875 0.05625 0.1
0 0.6375 0.9328125 0.04375 0.11875
0 0.590625 0.840625 0.065625 0.090625
0 0.578125 0.709375 0.075 0.125
0 0.4859375 0.703125 0.06875 0.0875
0 0.571875 0.58125 0.05 0.0875
0 0.6078125 0.4734375 0.05625 0.078125
0 0.6515625 0.5796875 0.059375 0.0875
0 0.6640625 0.715625 0.05 0.125
0 0.471875 0.409375 0.075 0.20625
0 0.571875 0.3484375 0.075 0.1125
0 0.5328125 0.228125 0.0625 0.125
0 0.56875 0.09375 0.09375 0.121875
0 0.6640625 0.19375 0.025 0.103125
0 0.4421875 0.2484375 0.04375 0.0625
0 0.440625 0.0828125 0.075 0.165625
0 0.665625 0.0546875 0.04375 0.0625