0 0.465809640625 0.695083946875 0.47733137187499997 0.695495465625 0.48501258125 0.65270024375 0.46855294062499997 0.650231371875 0.465809640625 0.695083946875
0 0.48062336562499997 0.6086705875 0.47403937812499997 0.646116421875 0.48995049062499996 0.649408334375 0.49708300625 0.60949350625 0.48610996875 0.609905025 0.48062336562499997 0.6086705875
0 0.426306371875 0.559291421875 0.44221731875000003 0.5621719374999999 0.44496062187499996 0.5197881125 0.426854903125 0.522257109375 0.426306371875 0.559291421875
0 0.46745555625 0.4815193625 0.459774346875 0.514027328125 0.47129607812499996 0.51608468125 0.478428759375 0.48357683749999997 0.46745555625 0.4815193625
0 0.48062336562499997 0.40950820937500004 0.47074755 0.47575845625 0.48720719062500006 0.47905036875 0.49433970625 0.410742646875 0.48062336562499997 0.40950820937500004
0 0.432890196875 0.41773799062499994 0.453739215625 0.419383946875 0.46196895312499997 0.33255906875 0.44057140625 0.331324509375 0.432890196875 0.41773799062499994
0 0.49488839999999995 0.21610661874999998 0.51848071875 0.215695096875 0.52396715625 0.132573653125 0.510250815625 0.13010465625 0.49488839999999995 0.21610661874999998
0 0.5080562093750001 0.125166790625 0.529453759375 0.12434375 0.533842975 0.05809350625 0.519029246875 0.05809350625 0.5080562093750001 0.125166790625
0 0.4844638875 0.395928921875 0.49488839999999995 0.395928921875 0.495985784375 0.42761384687500004 0.50641013125 0.42802536875 0.516285946875 0.349841790625 0.489401796875 0.348195709375 0.4844638875 0.395928921875
0 0.447155228125 0.42802536875 0.4438634 0.45518382500000004 0.46087173124999997 0.45888725625 0.469101471875 0.430494240625 0.447155228125 0.42802536875
0 0.423014378125 0.7292378687500001 0.43343888750000004 0.72841495 0.43398741875 0.665045096875 0.420819771875 0.666279534375 0.423014378125 0.7292378687500001
0 0.462517646875 0.743228675 0.47294215624999997 0.74734350625 0.480074671875 0.716070096875 0.465809640625 0.714424140625 0.462517646875 0.743228675