1 0.03359375 0.09375 0.0484375 0.0296875
1 0.09296875 0.1078125 0.028125 0.040625
1 0.13125 0.10703125 0.03125 0.05
1 0.15859375 0.11875 0.021875 0.046875
1 0.19140625 0.09453125 0.021875 0.015625
1 0.18828125 0.125 0.015625 0.0234375
1 0.17890625 0.14296875 0.0125 0.01875
1 0.21015625 0.0890625 0.015625 0.015625
1 0.21328125 0.1453125 0.0296875 0.021875
1 0.2484375 0.09140625 0.0203125 0.0203125
1 0.2375 0.1125 0.021875 0.025
1 0.271875 0.0984375 0.0140625 0.01875
1 0.265625 0.11875 0.015625 0.025
1 0.253125 0.1515625 0.0140625 0.0125
1 0.3 0.1171875 0.01875 0.040625
1 0.28125 0.1453125 0.0125 0.015625
1 0.30859375 0.15078125 0.0125 0.009375
1 0.3171875 0.090625 0.01875 0.015625
1 0.29609375 0.09140625 0.0125 0.0125
1 0.3234375 0.1703125 0.015625 0.0203125
1 0.33671875 0.1359375 0.025 0.025
1 0.34765625 0.10234375 0.025 0.021875
1 0.3609375 0.134375 0.015625 0.034375
1 0.38046875 0.11953125 0.0171875 0.0375
1 0.371875 0.16484375 0.01875 0.021875
1 0.428125 0.13515625 0.0328125 0.04375
1 0.415625 0.1796875 0.034375 0.040625
1 0.45078125 0.18828125 0.025 0.0375
1 0.4796875 0.15 0.01875 0.034375
1 0.50546875 0.14609375 0.0203125 0.034375
1 0.52421875 0.14453125 0.009375 0.025
1 0.4875 0.19765625 0.028125 0.03125
1 0.5265625 0.19140625 0.0125 0.01875
1 0.53359375 0.209375 0.0203125 0.0171875
1 0.55 0.1515625 0.0125 0.025
1 0.575 0.1734375 0.025 0.03125
1 0.5953125 0.16640625 0.015625 0.0328125
1 0.58046875 0.203125 0.009375 0.01875
1 0.61171875 0.196875 0.03125 0.028125
1 0.58984375 0.20859375 0.0078125 0.0171875
1 0.62578125 0.1734375 0.015625 0.01875
1 0.64140625 0.1859375 0.01875 0.0140625
1 0.65390625 0.17578125 0.0125 0.015625
1 0.63671875 0.225 0.0140625 0.01875
1 0.65390625 0.22734375 0.0125 0.0234375
1 0.571875 0.2296875 0.05 0.021875