1 0.4859375 0.05234375 0.025 0.040625
1 0.421875 0.10546875 0.034375 0.0375
1 0.51015625 0.15078125 0.05 0.065625
1 0.45859375 0.19453125 0.0375 0.05
1 0.49375 0.278125 0.034375 0.040625
1 0.446875 0.26640625 0.015625 0.0296875
1 0.56015625 0.11484375 0.0265625 0.0671875
1 0.546875 0.18046875 0.025 0.03125
1 0.5125 0.3171875 0.028125 0.025
1 0.553125 0.33359375 0.025 0.05
1 0.48828125 0.45078125 0.05 0.153125
1 0.42734375 0.40390625 0.0453125 0.0859375
1 0.415625 0.50390625 0.046875 0.06875
1 0.39375 0.596875 0.0375 0.053125
1 0.4421875 0.5921875 0.034375 0.0625
1 0.54609375 0.5078125 0.01875 0.0375
1 0.54609375 0.384375 0.0265625 0.03125
1 0.4859375 0.584375 0.040625 0.078125
1 0.49296875 0.653125 0.0359375 0.034375
1 0.53359375 0.646875 0.0328125 0.0625
1 0.5203125 0.5453125 0.015625 0.021875
1 0.53203125 0.571875 0.028125 0.0265625
1 0.390625 0.734375 0.0328125 0.03125
1 0.475 0.8140625 0.025 0.1484375
1 0.396875 0.8921875 0.0421875 0.046875
1 0.38984375 0.81875 0.03125 0.040625
1 0.43359375 0.825 0.0375 0.0875
1 0.53046875 0.86484375 0.034375 0.103125
1 0.48515625 0.9390625 0.028125 0.03125
1 0.72734375 0.8671875 0.04375 0.03125
1 0.56875 0.97734375 0.040625 0.025
1 0.84765625 0.73984375 0.05625 0.034375
1 0.83828125 0.80625 0.065625 0.0421875
1 0.5390625 0.43828125 0.05 0.071875
1 0.409375 0.228125 0.0328125 0.0375
1 0.5375 0.0296875 0.028125 0.01875