1 0.2359375 0.53828125 0.0609375 0.0375
1 0.35234375 0.571875 0.0609375 0.059375
1 0.39375 0.48671875 0.059375 0.046875
1 0.53828125 0.51796875 0.04375 0.0375
1 0.50390625 0.46875 0.053125 0.046875
1 0.48203125 0.54609375 0.06875 0.028125
1 0.47734375 0.521875 0.046875 0.0171875
1 0.4734375 0.57890625 0.1015625 0.025
1 0.584375 0.559375 0.0390625 0.025
1 0.71015625 0.4609375 0.05 0.028125
1 0.81328125 0.54140625 0.2578125 0.0578125
1 0.7921875 0.4984375 0.034375 0.01875
1 0.7984375 0.45390625 0.0390625 0.025
1 0.85234375 0.49921875 0.028125 0.0109375
1 0.86015625 0.4171875 0.03125 0.028125
1 0.9171875 0.45703125 0.040625 0.0390625