1 0.9507961390625 0.7967800703125001 0.9246062734375 0.7912873578124999 0.8947449296875 0.7931182671875 0.8820171109375 0.8059345828125 0.8793247234375 0.8268068828124999 0.912368021875 0.8352290437500001 0.94027125 0.838524671875 0.9645452375 0.8266722124999999 0.9613210484374999 0.8092302078125 0.9507961390625 0.7967800703125001
1 0.9968120046875001 0.7978786125 0.988245209375 0.78835790625 0.9816365499999999 0.7865270140625 0.973804071875 0.7799357625 0.96621634375 0.782499021875 0.9598524578125 0.7872593640625001 0.954467615625 0.795681528125 0.9576495703125 0.7978786125 0.9850632765625 0.803371321875 0.9961123031250001 0.8041618578125 0.9968120046875001 0.7978786125
1 0.89453125 0.76640625 0.040625 0.0265625
1 0.8421875 0.771875 0.05625 0.0453125
1 0.8109375 0.8078125 0.028125 0.028125
1 0.77734375 0.80390625 0.0203125 0.028125
1 0.73671875 0.82890625 0.0140625 0.025
1 0.7984375 0.75546875 0.028125 0.025
1 0.7796875 0.77109375 0.01875 0.021875
1 0.73828125 0.7890625 0.04375 0.034375
1 0.7140625 0.821875 0.0203125 0.025
1 0.675 0.75546875 0.040625 0.0234375
1 0.725 0.74140625 0.0296875 0.03125
1 0.97578125 0.703125 0.0484375 0.0625
1 0.98671875 0.65390625 0.0265625 0.03125
1 0.98984375 0.62109375 0.01875 0.025
1 0.92578125 0.71328125 0.0421875 0.0328125
1 0.88828125 0.70703125 0.028125 0.03125
1 0.90625 0.68671875 0.021875 0.021875
1 0.863146315625 0.708164328125 0.8663282703125 0.6960803640625 0.875139815625 0.687292028125 0.8893862578125 0.6740410359375 0.8832170671874999 0.6620255578124999 0.87465029375 0.6616593640625 0.865593975 0.663490290625 0.853845246875 0.665687375 0.8376907234375001 0.666053534375 0.8230048125 0.6711800875 0.8195781296875 0.68912291875 0.8237391093750001 0.705601053125 0.8320611546875 0.7202482921875 0.8582510203125 0.7143893890624999 0.863146315625 0.708164328125
1 0.79609375 0.68984375 0.028125 0.0421875
1 0.81171875 0.64609375 0.0484375 0.028125
1 0.73515625 0.634375 0.065625 0.04375
1 0.81796875 0.5953125 0.040625 0.025
1 0.690625 0.70234375 0.0328125 0.021875
1 0.65625 0.6875 0.028125 0.03125
1 0.6359375 0.79609375 0.08125 0.053125
1 0.59921875 0.7578125 0.0265625 0.025
1 0.51875 0.78984375 0.040625 0.040625
1 0.53046875 0.72265625 0.1 0.03125
1 0.46875 0.74921875 0.0265625 0.03125
1 0.634375 0.64296875 0.059375 0.0328125
1 0.55390625 0.65078125 0.0421875 0.03125
1 0.596875 0.6609375 0.0140625 0.021875
1 0.5125 0.60703125 0.0375 0.021875
1 0.46796875 0.6 0.0375 0.025
1 0.41875 0.59609375 0.04375 0.0375
1 0.496875 0.553125 0.025 0.0109375
1 0.375 0.565625 0.040625 0.0375
1 0.33359375 0.5609375 0.034375 0.034375
1 0.4046875 0.6484375 0.021875 0.025
1 0.32890625 0.6671875 0.0390625 0.015625
1 0.32734375 0.6953125 0.03125 0.01875
1 0.2859375 0.76875 0.021875 0.0234375
1 0.2203125 0.7375 0.0375 0.0328125
1 0.20703125 0.696875 0.0484375 0.03125
1 0.2734375 0.62578125 0.040625 0.025
1 0.25078125 0.5875 0.053125 0.040625
1 0.203125 0.63671875 0.0234375 0.025
1 0.2046875 0.57890625 0.03125 0.0328125
1 0.3 0.528125 0.021875 0.0140625
1 0.24609375 0.5265625 0.01875 0.021875
1 0.18046875 0.5390625 0.046875 0.03125
1 0.1 0.71171875 0.040625 0.025
1 0.02734375 0.68515625 0.0546875 0.0328125
1 0.12421875 0.596875 0.0546875 0.046875
1 0.07109375 0.6265625 0.05625 0.0328125
1 0.06015625 0.584375 0.0625 0.0484375
1 0.1 0.55625 0.034375 0.025
1 0.05703125 0.55234375 0.0296875 0.0328125
1 0.01328125 0.584375 0.0265625 0.05625
1 0.41796875 0.78515625 0.028125 0.0234375
1 0.37265625 0.8203125 0.028125 0.021875
1 0.03125 0.76796875 0.0265625 0.028125
1 0.04921875 0.73203125 0.03125 0.0375
1 0.01328125 0.72578125 0.0265625 0.04375
1 0.034375 0.25390625 0.028125 0.03125
1 0.090625 0.23125 0.034375 0.0203125
1 0.08515625 0.25078125 0.0453125 0.0171875
1 0.05390625 0.31484375 0.021875 0.0359375
1 0.08671875 0.32890625 0.04375 0.021875
1 0.102690946875 0.3693277140625 0.07778520156249999 0.34358641093750003 0.051840109375 0.3417555171875 0.030545537499999997 0.348712928125 0.009985265625 0.367388146875 0.00141846875 0.3849648203125 0.102690946875 0.3693277140625
1 0.009375 0.50078125 0.01875 0.053125
1 0.07890625 0.51171875 0.034375 0.028125
1 0.12421875 0.50390625 0.040625 0.03125
1 0.0546875 0.47890625 0.028125 0.03125
1 0.0359375 0.4578125 0.01875 0.0203125
1 0.025 0.4765625 0.0140625 0.021875
1 0.0671875 0.44140625 0.01875 0.025
1 0.11796875 0.4296875 0.0359375 0.028125
1 0.1625 0.453125 0.021875 0.021875
1 0.13671875 0.45859375 0.0109375 0.015625
1 0.11796875 0.453125 0.0125 0.0125
1 0.1078125 0.47421875 0.009375 0.015625
1 0.23046875 0.45390625 0.0375 0.040625
1 0.21328125 0.37734375 0.0640625 0.0375
1 0.228125 0.32265625 0.05625 0.034375
1 0.35 0.4546875 0.03125 0.028125
1 0.29609375 0.44921875 0.053125 0.05625
1 0.36171875 0.39140625 0.1 0.0578125
1 0.440625 0.44765625 0.0484375 0.03125
1 0.5203125 0.41796875 0.0125 0.0171875
1 0.48984375 0.39921875 0.0390625 0.0296875
1 0.465625 0.36015625 0.0640625 0.05625
1 0.49609375 0.3171875 0.034375 0.01875
1 0.45859375 0.265625 0.025 0.025
1 0.515625 0.26875 0.046875 0.028125
1 0.24921875 0.20859375 0.0328125 0.0265625
1 0.36171875 0.1859375 0.05 0.04375
1 0.43046875 0.2140625 0.059375 0.0265625
1 0.43828125 0.1734375 0.0390625 0.028125
1 0.490625 0.203125 0.0359375 0.0234375
1 0.54453125 0.1578125 0.0796875 0.034375
1 0.4828125 0.16796875 0.01875 0.021875
1 0.45625 0.14609375 0.01875 0.01875
1 0.62109375 0.16484375 0.034375 0.0296875
1 0.6671875 0.18046875 0.053125 0.0328125
1 0.69296875 0.096875 0.0609375 0.028125
1 0.675 0.3203125 0.040625 0.025
1 0.62109375 0.2890625 0.028125 0.028125
1 0.6625 0.2859375 0.03125 0.03125
1 0.71640625 0.2515625 0.03125 0.021875
1 0.5953125 0.30234375 0.021875 0.03125
1 0.56328125 0.32734375 0.01875 0.01875
1 0.553125 0.2859375 0.0125 0.01875
1 0.6328125 0.35625 0.0265625 0.025
1 0.68984375 0.34921875 0.040625 0.028125
1 0.7359375 0.31328125 0.040625 0.046875
1 0.78515625 0.28515625 0.0578125 0.034375
1 0.7921875 0.321875 0.040625 0.03125
1 0.75703125 0.3515625 0.0265625 0.0171875
1 0.625 0.38671875 0.01875 0.021875
1 0.5984375 0.39375 0.0234375 0.025
1 0.8546875 0.26875 0.025 0.028125
1 0.896875 0.234375 0.0484375 0.028125
1 0.7796875 0.1234375 0.0453125 0.040625
1 0.89296875 0.15078125 0.028125 0.0171875
1 0.94609375 0.15234375 0.0234375 0.021875
1 0.98828125 0.109375 0.021875 0.028125
1 0.9515625 0.1171875 0.021875 0.01875
1 0.91640625 0.11953125 0.034375 0.01875
1 0.8765625 0.1109375 0.015625 0.01875
1 0.89375 0.09921875 0.021875 0.01875
1 0.92109375 0.06171875 0.0171875 0.015625
1 0.90234375 0.065625 0.0109375 0.01875
1 0.88828125 0.05546875 0.01875 0.015625
1 0.859375 0.084375 0.015625 0.01875
1 0.82734375 0.14453125 0.015625 0.01875
1 0.8421875 0.1703125 0.040625 0.01875
1 0.81953125 0.20078125 0.0640625 0.028125
1 0.746875 0.10703125 0.0125 0.015625
1 0.81328125 0.06875 0.0203125 0.01875
1 0.81328125 0.1109375 0.015625 0.021875
1 0.7609375 0.07265625 0.0234375 0.015625
1 0.8625 0.046875 0.01875 0.0171875
1 0.90234375 0.30625 0.034375 0.025
1 0.86953125 0.33984375 0.05625 0.025
1 0.9421875 0.29921875 0.03125 0.03125
1 0.9796875 0.31328125 0.040625 0.0359375
1 0.98828125 0.2390625 0.0234375 0.046875
1 0.95234375 0.23515625 0.0265625 0.025
1 0.965625 0.20703125 0.0234375 0.0171875
1 0.96953125 0.15234375 0.01875 0.021875
1 0.74765625 0.20859375 0.0203125 0.025
1 0.67421875 0.2265625 0.0203125 0.021875
1 0.653125 0.23359375 0.0171875 0.0296875
1 0.95546875 0.1859375 0.0171875 0.0234375
1 0.91640625 0.15625 0.0140625 0.028125
1 0.9734375 0.034375 0.01875 0.015625
1 0.93984375 0.03515625 0.0234375 0.01875
1 0.5390625 0.35390625 0.015625 0.01875
1 0.55859375 0.34765625 0.015625 0.0125
1 0.20078125 0.21484375 0.01875 0.03125
1 0.29296875 0.359375 0.015625 0.021875
1 0.2640625 0.36953125 0.0125 0.021875
1 0.35234375 0.25078125 0.015625 0.009375
1 0.3296875 0.28984375 0.015625 0.021875
1 0.4078125 0.296875 0.040625 0.0234375
1 0.3828125 0.3421875 0.0125 0.0265625
1 0.6375 0.56796875 0.0578125 0.021875