1 0.01953125 0.25234375 0.0390625 0.071875
1 0.03203125 0.40703125 0.05703125 0.06171875
1 0.24296875 0.30234375 0.0828125 0.04453125
1 0.23203125 0.2390625 0.065625 0.0421875
1 0.36015625 0.2375 0.07578125 0.03515625
1 0.5703125 0.21953125 0.04921875 0.0453125
1 0.64453125 0.2734375 0.08828125 0.03984375
1 0.6640625 0.20703125 0.0640625 0.0359375
1 0.76328125 0.2296875 0.0328125 0.0546875
1 0.8796875 0.21328125 0.0234375 0.0265625
1 0.93515625 0.18828125 0.04453125 0.0453125
1 0.35625 0.4140625 0.0375 0.04765625
1 0.3921875 0.33671875 0.046875 0.04765625
1 0.4234375 0.36875 0.021875 0.025
1 0.47578125 0.32578125 0.05859375 0.04375
1 0.259375 0.428125 0.03984375 0.0375
1 0.13359375 0.56875 0.0421875 0.03671875
1 0.15546875 0.70625 0.06328125 0.05
1 0.21484375 0.68828125 0.04375 0.04296875
1 0.26015625 0.75390625 0.03671875 0.0265625
1 0.35390625 0.484375 0.14375 0.05625
1 0.584375 0.46875 0.075 0.05703125
1 0.53046875 0.4921875 0.0328125 0.05078125
1 0.58359375 0.35390625 0.084375 0.06015625
1 0.70546875 0.3265625 0.05390625 0.0609375
1 0.7578125 0.43203125 0.07109375 0.053125
1 0.66484375 0.5671875 0.03828125 0.04140625
1 0.52421875 0.76015625 0.0671875 0.03515625
1 0.54609375 0.709375 0.04453125 0.05
1 0.578125 0.64296875 0.03125 0.040625
1 0.58359375 0.5703125 0.0234375 0.01875
1 0.6515625 0.521875 0.02421875 0.0234375
1 0.6953125 0.48828125 0.046875 0.03984375
1 0.47421875 0.596875 0.0484375 0.03515625
1 0.64453125 0.65234375 0.05078125 0.04375
1 0.6984375 0.79453125 0.04375 0.0671875
1 0.8203125 0.58515625 0.1203125 0.040625
1 0.809375 0.51171875 0.03828125 0.04609375
1 0.90078125 0.55078125 0.0328125 0.040625
1 0.9109375 0.48828125 0.08359375 0.05703125
1 0.97109375 0.55 0.05 0.03515625
1 0.98984375 0.32421875 0.01796875 0.0265625
1 0.990625 0.27265625 0.0140625 0.03203125
1 0.85078125 0.6765625 0.04609375 0.06328125
1 0.93125 0.71484375 0.05546875 0.0671875
1 0.83828125 0.7828125 0.03515625 0.05390625
1 0.9078125 0.83046875 0.053125 0.0625
1 0.9921875 0.69609375 0.015625 0.0359375