1 0.75390625 0.98359375 0.075 0.0328125
1 0.59453125 0.97265625 0.0640625 0.0546875
1 0.7015625 0.75625 0.046875 0.084375
1 0.76640625 0.7671875 0.04375 0.0671875
1 0.76796875 0.63515625 0.0375 0.078125
1 0.7875 0.41796875 0.046875 0.05
1 0.73203125 0.34140625 0.040625 0.090625
1 0.8 0.32109375 0.0375 0.065625
1 0.77734375 0.21875 0.05625 0.034375
1 0.79375 0.0984375 0.028125 0.025
1 0.81953125 0.04140625 0.046875 0.046875
1 0.58515625 0.6390625 0.05 0.0375
1 0.665625 0.60234375 0.05 0.0484375
1 0.6328125 0.56953125 0.025 0.021875
1 0.67734375 0.515625 0.0453125 0.059375
1 0.571875 0.7390625 0.0390625 0.040625
1 0.42578125 0.86875 0.0375 0.04375
1 0.28359375 0.84609375 0.0515625 0.065625
1 0.30234375 0.784375 0.04375 0.0453125
1 0.23359375 0.73828125 0.028125 0.0375
1 0.51328125 0.64140625 0.0578125 0.146875
1 0.52890625 0.403125 0.059375 0.078125
1 0.5046875 0.459375 0.053125 0.034375
1 0.6484375 0.40390625 0.0625 0.0875
1 0.6765625 0.278125 0.0625 0.05625
1 0.5671875 0.22421875 0.05625 0.0734375
1 0.42734375 0.3203125 0.04375 0.0390625
1 0.22734375 0.465625 0.0375 0.06875
1 0.2796875 0.44296875 0.0515625 0.046875
1 0.3484375 0.41015625 0.040625 0.03125
1 0.42421875 0.40390625 0.01875 0.025
1 0.47421875 0.33359375 0.025 0.025
1 0.50859375 0.2890625 0.040625 0.0484375
1 0.39609375 0.5171875 0.0375 0.05
1 0.3390625 0.34140625 0.0453125 0.053125
1 0.1921875 0.2859375 0.06875 0.0453125
1 0.40859375 0.159375 0.040625 0.125
1 0.484375 0.171875 0.046875 0.0390625
1 0.44453125 0.0765625 0.0421875 0.034375
1 0.509375 0.06640625 0.059375 0.0859375
1 0.44609375 0.015625 0.0375 0.03125
1 0.3140625 0.128125 0.065625 0.046875
1 0.275 0.0453125 0.06875 0.05625
1 0.2046875 0.14140625 0.05625 0.0359375
1 0.1546875 0.0703125 0.065625 0.0546875