8 0.24765625 0.5625 0.0171875 0.015625
8 0.2453125 0.578125 0.034375 0.0125
8 0.2625 0.5953125 0.01875 0.01875
8 0.4015625 0.64609375 0.0125 0.0140625
8 0.33671875 0.6 0.009375 0.01875
8 0.246875 0.42421875 0.0171875 0.028125
8 0.3765625 0.26640625 0.025 0.034375
8 0.36015625 0.28203125 0.025 0.025
8 0.815625 0.53515625 0.021875 0.01875
8 0.81015625 0.57421875 0.01875 0.025
8 0.796875 0.5703125 0.015625 0.0203125
8 0.75703125 0.60625 0.021875 0.025
8 0.7453125 0.62421875 0.01875 0.021875
8 0.72109375 0.65625 0.01875 0.021875
8 0.6859375 0.7234375 0.025 0.01875