8 0.7546875 0.45859375 0.015625 0.015625
8 0.75703125 0.44375 0.0328125 0.0125
8 0.740625 0.42734375 0.01875 0.0171875
8 0.609375 0.37890625 0.0125 0.0125
8 0.6703125 0.42265625 0.009375 0.0171875
8 0.75546875 0.5890625 0.015625 0.025
8 0.6328125 0.73828125 0.021875 0.03125
8 0.6484375 0.72421875 0.025 0.021875
8 0.2171875 0.48359375 0.021875 0.01875
8 0.221875 0.446875 0.01875 0.0234375
8 0.234375 0.45078125 0.0140625 0.01875
8 0.27265625 0.4171875 0.0203125 0.021875
8 0.28359375 0.39921875 0.01875 0.021875
8 0.30703125 0.36953125 0.0171875 0.021875
8 0.33984375 0.30625 0.0234375 0.01875