8 0.9765625 0.5953125 0.02265625 0.03984375
8 0.27265625 0.04765625 0.0109375 0.01640625
8 0.29140625 0.14765625 0.01640625 0.01953125
8 0.28984375 0.18671875 0.01640625 0.01796875
8 0.27265625 0.24609375 0.0109375 0.01328125
8 0.70078125 0.1234375 0.01015625 0.0140625
8 0.2296875 0.03984375 0.0140625 0.0171875
8 0.25859375 0.290625 0.01015625 0.0109375
8 0.26171875 0.31640625 0.01015625 0.0140625
8 0.31328125 0.2125 0.0140625 0.01484375
1 0.86328125 0.93984375 0.08828125 0.1203125
1 0.80625 0.790625 0.04296875 0.08828125
1 0.9 0.68359375 0.1125 0.1578125
1 0.28515625 0.6375 0.0859375 0.1203125
1 0.728125 0.3 0.059375 0.07109375