8 0.0125 0.60546875 0.0234375 0.040625
8 0.7328125 0.0453125 0.0125 0.015625
8 0.71328125 0.14765625 0.015625 0.01875
8 0.71484375 0.1875 0.015625 0.01875
8 0.7328125 0.2484375 0.0125 0.0125
8 0.29453125 0.12265625 0.009375 0.0140625
8 0.7765625 0.0375 0.0140625 0.0171875
8 0.74609375 0.29453125 0.009375 0.0109375
8 0.74296875 0.3203125 0.009375 0.015625
8 0.69140625 0.2140625 0.0140625 0.015625
1 0.13046875 0.94765625 0.0890625 0.1046875
1 0.18671875 0.8046875 0.04375 0.090625
1 0.090625 0.6953125 0.115625 0.1625
1 0.71953125 0.64921875 0.0875 0.121875
1 0.2671875 0.30390625 0.0609375 0.071875