8 0.98515625 0.38984375 0.025 0.04375
8 0.2234375 0.9828125 0.0125 0.0171875
8 0.24375 0.87421875 0.0171875 0.021875
8 0.24296875 0.83203125 0.0171875 0.01875
8 0.2234375 0.76796875 0.0125 0.0140625
8 0.68671875 0.90078125 0.0109375 0.015625
8 0.1765625 0.99140625 0.015625 0.0171875
8 0.20859375 0.71953125 0.0109375 0.0125
8 0.2125 0.69140625 0.0109375 0.015625
8 0.2671875 0.80390625 0.015625 0.015625
1 0.86171875 0.04140625 0.09375 0.0828125
1 0.80078125 0.17890625 0.046875 0.0953125
1 0.90234375 0.2953125 0.121875 0.171875
1 0.2375 0.34453125 0.09375 0.13125
1 0.715625 0.709375 0.065625 0.078125