8 0.403125 0.0171875 0.040625 0.0234375
8 0.96015625 0.7328125 0.015625 0.0125
8 0.8578125 0.71328125 0.01875 0.0171875
8 0.81875 0.71484375 0.01875 0.015625
8 0.7578125 0.7328125 0.0125 0.0125
8 0.8828125 0.29765625 0.0140625 0.009375
8 0.96796875 0.7765625 0.0171875 0.0140625
8 0.7125 0.746875 0.0109375 0.009375
8 0.68671875 0.74296875 0.015625 0.009375
8 0.79140625 0.69140625 0.015625 0.0140625
1 0.05703125 0.13359375 0.1140625 0.0890625
1 0.2046875 0.190625 0.090625 0.04375
1 0.3140625 0.0953125 0.1609375 0.1140625
1 0.36015625 0.71953125 0.121875 0.0875
1 0.703125 0.2703125 0.071875 0.0609375