1 0.12265625 0.115625 0.1078125 0.228125
1 0.278125 0.80390625 0.13125 0.3921875
1 0.890625 0.84296875 0.06953125 0.11640625
1 0.853125 0.58046875 0.040625 0.17578125
1 0.703125 0.4671875 0.04296875 0.0734375
1 0.75390625 0.55859375 0.06015625 0.1046875
1 0.8046875 0.66328125 0.046875 0.10078125
8 0.8078125 0.46171875 0.071875 0.08203125
8 0.540625 0.50625 0.009375 0.0140625
8 0.1125 0.2109375 0.01328125 0.0203125
8 0.18828125 0.809375 0.0203125 0.0203125
8 0.9265625 0.93359375 0.08203125 0.1140625
8 0.82421875 0.23984375 0.01796875 0.015625