1 0.11484375 0.87890625 0.2296875 0.1109375
1 0.8078125 0.71875 0.384375 0.134375
1 0.8546875 0.096875 0.11875 0.071875
1 0.58828125 0.134375 0.178125 0.040625
1 0.47265625 0.2875 0.075 0.04375
1 0.565625 0.2359375 0.10625 0.0609375
1 0.67265625 0.184375 0.103125 0.046875
8 0.4671875 0.18125 0.0828125 0.0734375
8 0.5125 0.45234375 0.015625 0.009375
8 0.2125 0.8875 0.021875 0.0125
8 0.82109375 0.81015625 0.021875 0.0203125
8 0.94375 0.0609375 0.1125 0.084375
8 0.2421875 0.16484375 0.015625 0.01875