1 0.11640625 0.1140625 0.2328125 0.1125
1 0.81171875 0.275 0.3765625 0.134375
1 0.865625 0.90546875 0.1203125 0.071875
1 0.59609375 0.8671875 0.18125 0.0421875
1 0.47890625 0.7125 0.075 0.04375
1 0.57265625 0.7640625 0.1078125 0.0625
1 0.68125 0.81640625 0.103125 0.0484375
8 0.4734375 0.81953125 0.084375 0.075
8 0.51875 0.5453125 0.015625 0.009375
8 0.215625 0.1046875 0.021875 0.0125
8 0.83125 0.18203125 0.021875 0.021875
8 0.94921875 0.94140625 0.1015625 0.084375
8 0.2453125 0.83671875 0.015625 0.01875