1 0.06953125 0.03515625 0.1390625 0.0703125
1 0.19921875 0.0921875 0.109375 0.071875
1 0.31171875 0.15078125 0.1125 0.0796875
1 0.43125 0.2046875 0.11875 0.084375
1 0.56484375 0.28515625 0.146875 0.1046875
1 0.68046875 0.35390625 0.08125 0.0890625
1 0.7609375 0.38828125 0.075 0.06875
1 0.68671875 0.47734375 0.1609375 0.121875
1 0.7484375 0.8625 0.128125 0.0625
1 0.50390625 0.3953125 0.0390625 0.071875
1 0.4765625 0.46875 0.0265625 0.05
1 0.4546875 0.53828125 0.0375 0.071875
1 0.3890625 0.68203125 0.06875 0.0875
1 0.33515625 0.771875 0.053125 0.0875
1 0.609375 0.3765625 0.0640625 0.078125
1 0.44921875 0.0984375 0.06875 0.121875
8 0.4625 0.115625 0.01875 0.028125
8 0.6546875 0.18203125 0.01875 0.0421875
8 0.84140625 0.4578125 0.0125 0.0125
8 0.3234375 0.39765625 0.01875 0.0140625
8 0.165625 0.25078125 0.015625 0.015625
8 0.31875 0.496875 0.0125 0.0140625
8 0.21171875 0.80390625 0.0125 0.0140625
8 0.28359375 0.490625 0.0125 0.0125
1 0.103125 0.4453125 0.0875 0.0375