5 0.30625 0.2875 0.1078125 0.165625
5 0.40078125 0.4359375 0.08046875 0.13203125
5 0.5015625 0.61484375 0.109375 0.171875
5 0.69921875 0.49375 0.09375 0.15859375
1 0.6984375 0.490625 0.09140625 0.14765625
1 0.68125 0.25 0.05625 0.1703125
1 0.70703125 0.3734375 0.040625 0.07578125
1 0.39453125 0.8609375 0.0375 0.27734375
1 0.33359375 0.79296875 0.0953125 0.0296875
1 0.82890625 0.953125 0.16015625 0.09375
5 0.4484375 0.30625 0.084375 0.11640625
5 0.5171875 0.40546875 0.06484375 0.0828125
5 0.575 0.4796875 0.05625 0.06953125