5 0.30703125 0.7078125 0.1125 0.171875
5 0.40546875 0.553125 0.084375 0.1375
5 0.51015625 0.36796875 0.1125 0.178125
5 0.715625 0.49296875 0.096875 0.165625
1 0.7140625 0.49609375 0.09375 0.153125
1 0.69609375 0.746875 0.059375 0.178125
1 0.72265625 0.61875 0.0421875 0.078125
1 0.39765625 0.128125 0.0390625 0.25625
1 0.33515625 0.1828125 0.0984375 0.03125
1 0.84921875 0.0328125 0.165625 0.065625
5 0.4546875 0.6890625 0.0875 0.121875
5 0.52578125 0.58515625 0.0671875 0.0859375
5 0.5859375 0.50859375 0.059375 0.071875