5 0.69453125 0.75078125 0.1140625 0.175
5 0.59453125 0.59375 0.084375 0.140625
5 0.48828125 0.40546875 0.115625 0.18125
5 0.2796875 0.5328125 0.1 0.1671875
1 0.28046875 0.5359375 0.096875 0.15625
1 0.29921875 0.790625 0.059375 0.18125
1 0.271875 0.66015625 0.04375 0.0796875
1 0.60234375 0.14609375 0.040625 0.2921875
1 0.665625 0.2171875 0.1 0.03125
1 0.14453125 0.04921875 0.1671875 0.0984375
5 0.54453125 0.73125 0.0890625 0.1234375
5 0.47265625 0.62578125 0.06875 0.0875
5 0.4109375 0.54765625 0.059375 0.0734375