1 0.5328125 0.24453125 0.0375 0.0671875
1 0.4671875 0.35234375 0.0375 0.0875
1 0.40234375 0.15390625 0.0125 0.03125
1 0.35390625 0.0890625 0.04375 0.0484375
1 0.40234375 0.21640625 0.028125 0.0171875
1 0.56328125 0.165625 0.021875 0.025
1 0.5890625 0.221875 0.0171875 0.0171875
1 0.59375 0.240625 0.01875 0.015625
1 0.5796875 0.3890625 0.028125 0.0296875
1 0.4796875 0.40625 0.01875 0.021875
1 0.5125 0.45390625 0.0171875 0.0203125
1 0.53046875 0.53046875 0.0421875 0.071875
1 0.550189684375 0.6170292828124999 0.5278048171874999 0.611871509375 0.53477193125 0.625002871875 0.5457356890625 0.652113071875 0.5741728703125 0.721597178125 0.5827382984375 0.7179521249999999 0.5913036953125 0.6967651640625 0.5865070718750001 0.6553024984375 0.550189684375 0.6170292828124999
1 0.39453125 0.98359375 0.009375 0.021875
1 0.37421875 0.975 0.025 0.021875
1 0.3703125 0.94140625 0.0234375 0.021875
1 0.07265625 0.65625 0.0390625 0.025
1 0.325 0.58203125 0.0328125 0.021875