1 0.05625 0.41796875 0.0578125 0.0359375
1 0.43125 0.4828125 0.14453125 0.09453125
1 0.3921875 0.396875 0.0890625 0.07109375
1 0.5140625 0.365625 0.1046875 0.05078125
1 0.17578125 0.625 0.0765625 0.05625
1 0.29140625 0.6515625 0.1296875 0.0703125
1 0.05625 0.6484375 0.05703125 0.05
1 0.5375 0.56328125 0.05859375 0.05
1 0.40390625 0.6203125 0.04296875 0.0265625
1 0.41328125 0.575 0.06640625 0.03828125
1 0.66328125 0.57734375 0.05859375 0.05
1 0.725 0.65625 0.13125 0.05390625
1 0.7484375 0.57890625 0.05234375 0.0390625
1 0.340625 0.721875 0.1015625 0.0484375
1 0.4671875 0.7 0.1265625 0.06875
1 0.57890625 0.66875 0.0609375 0.06015625
1 0.8515625 0.6171875 0.1328125 0.06015625
1 0.61640625 0.49375 0.07734375 0.03515625
1 0.5296875 0.453125 0.03828125 0.07265625
1 0.63359375 0.4015625 0.028125 0.028125
1 0.7296875 0.3921875 0.13828125 0.07578125
1 0.69296875 0.5 0.0875 0.0734375
1 0.89609375 0.41875 0.18671875 0.146875
1 0.96484375 0.57421875 0.0703125 0.0640625
1 0.23984375 0.4125 0.053125 0.03125
1 0.16328125 0.53515625 0.14609375 0.0875