1 0.3515625 0.453125 0.065625 0.125
1 0.44609375 0.3671875 0.08125 0.159375
1 0.51953125 0.6109375 0.040625 0.09375
1 0.58046875 0.6515625 0.0609375 0.0859375
1 0.48984375 0.76171875 0.1015625 0.1296875
1 0.340625 0.63984375 0.096875 0.140625
1 0.403125 0.8328125 0.0546875 0.0765625
1 0.34921875 0.92890625 0.08125 0.0875
1 0.646875 0.45859375 0.05 0.059375
1 0.53515625 0.05078125 0.153125 0.1
1 0.32265625 0.0328125 0.06875 0.065625
1 0.25859375 0.390625 0.046875 0.0796875
1 0.24296875 0.84921875 0.06875 0.09375