1 0.46640625 0.38203125 0.11796875 0.0625
1 0.38515625 0.4703125 0.1515625 0.07578125
1 0.615625 0.53984375 0.08828125 0.0375
1 0.653125 0.596875 0.08125 0.05703125
1 0.75703125 0.51171875 0.12265625 0.0953125
1 0.6421875 0.371875 0.1328125 0.09140625
1 0.82421875 0.4296875 0.071875 0.0515625
1 0.91484375 0.3796875 0.0828125 0.07578125
1 0.471875 0.66015625 0.05625 0.046875
1 0.06875 0.5546875 0.13046875 0.1453125
1 0.05390625 0.3546875 0.09375 0.0640625
1 0.40703125 0.29453125 0.075 0.0453125
1 0.83984375 0.2796875 0.0890625 0.06484375