1 0.46484375 0.009375 0.05 0.01875
1 0.4921875 0.0734375 0.03828125 0.034375
1 0.6125 0.07265625 0.0328125 0.03828125
1 0.65078125 0.10625 0.04609375 0.040625
1 0.4328125 0.28046875 0.059375 0.05859375
1 0.59921875 0.3578125 0.046875 0.0703125
1 0.40078125 0.41171875 0.06171875 0.08984375
1 0.5 0.49296875 0.0515625 0.04453125
1 0.47265625 0.4390625 0.03046875 0.04765625
1 0.58828125 0.434375 0.03203125 0.06328125
1 0.5515625 0.5125 0.03515625 0.05625
1 0.575 0.56875 0.03671875 0.07578125
1 0.38515625 0.66875 0.0234375 0.03828125
1 0.425 0.6421875 0.03359375 0.05546875
1 0.43828125 0.69921875 0.03125 0.0546875
1 0.5015625 0.67734375 0.02890625 0.04453125
1 0.48515625 0.74140625 0.02421875 0.04609375
1 0.525 0.746875 0.01640625 0.02890625
1 0.5546875 0.7515625 0.02421875 0.03046875
1 0.5609375 0.70546875 0.040625 0.04765625
1 0.51484375 0.8046875 0.03828125 0.053125
1 0.53046875 0.978125 0.028125 0.03828125
1 0.44765625 0.55859375 0.01640625 0.02265625