1 0.99375 0.54375 0.0125 0.05
1 0.93046875 0.5140625 0.034375 0.0390625
1 0.93125 0.39140625 0.0390625 0.034375
1 0.896875 0.35234375 0.040625 0.046875
1 0.7203125 0.57421875 0.059375 0.059375
1 0.64140625 0.40546875 0.071875 0.046875
1 0.58671875 0.60625 0.090625 0.0625
1 0.5046875 0.50546875 0.0453125 0.053125
1 0.559375 0.53359375 0.0484375 0.03125
1 0.56328125 0.41640625 0.0640625 0.03125
1 0.484375 0.45390625 0.05625 0.0359375
1 0.42734375 0.4296875 0.0765625 0.0375
1 0.32578125 0.62265625 0.0390625 0.025
1 0.353125 0.58203125 0.05625 0.034375
1 0.29453125 0.56875 0.05625 0.03125
1 0.3171875 0.5046875 0.0453125 0.028125
1 0.2515625 0.52109375 0.046875 0.025
1 0.24609375 0.48046875 0.028125 0.0171875
1 0.24140625 0.45078125 0.03125 0.025
1 0.2890625 0.44375 0.0484375 0.040625
1 0.1875 0.490625 0.053125 0.0390625
1 0.01640625 0.4765625 0.0328125 0.028125
1 0.43828125 0.55859375 0.021875 0.015625