1 0.8546875 0.8703125 0.109375 0.053125
1 0.7734375 0.75078125 0.05625 0.05625
1 0.7375 0.6765625 0.05 0.040625
1 0.6578125 0.590625 0.084375 0.0359375
1 0.65625 0.47734375 0.0546875 0.01875
1 0.2953125 0.36328125 0.009375 0.0140625
1 0.2984375 0.29375 0.028125 0.021875
1 0.3390625 0.2421875 0.025 0.021875
1 0.28671875 0.259375 0.009375 0.0125
1 0.3125 0.225 0.0125 0.009375
1 0.2765625 0.228125 0.0171875 0.0140625
1 0.275 0.1875 0.015625 0.0140625
1 0.26796875 0.13046875 0.025 0.0171875
1 0.33359375 0.16328125 0.0140625 0.01875
1 0.334375 0.09296875 0.01875 0.015625