1 0.865625 0.88359375 0.115625 0.05625
1 0.78046875 0.75703125 0.059375 0.059375
1 0.7421875 0.67890625 0.0515625 0.040625
1 0.65859375 0.58828125 0.090625 0.0375
1 0.65625 0.46875 0.0578125 0.01875
1 0.2765625 0.34921875 0.009375 0.015625
1 0.28046875 0.27578125 0.03125 0.021875
1 0.32265625 0.2203125 0.028125 0.0234375
1 0.2671875 0.23984375 0.0109375 0.0140625
1 0.29453125 0.203125 0.0140625 0.009375
1 0.25703125 0.20625 0.01875 0.015625
1 0.25546875 0.16328125 0.0171875 0.015625
1 0.2484375 0.103125 0.0265625 0.01875
1 0.31640625 0.1375 0.015625 0.01875
1 0.31796875 0.0640625 0.0203125 0.015625