1 0.15546875 0.15390625 0.1046875 0.05078125
1 0.2328125 0.26875 0.05390625 0.0546875
1 0.2671875 0.33984375 0.046875 0.03828125
1 0.34296875 0.421875 0.08125 0.034375
1 0.3453125 0.53046875 0.05234375 0.0171875
1 0.68984375 0.63984375 0.009375 0.0140625
1 0.6859375 0.70625 0.02734375 0.0203125
1 0.64765625 0.75625 0.025 0.02109375
1 0.69765625 0.7390625 0.009375 0.0125
1 0.6734375 0.77265625 0.0125 0.00859375
1 0.70703125 0.76953125 0.01640625 0.01328125
1 0.70859375 0.80859375 0.015625 0.01328125
1 0.71484375 0.86328125 0.02421875 0.0171875
1 0.653125 0.83203125 0.01328125 0.0171875
1 0.6515625 0.89921875 0.01796875 0.01484375