1 0.07265625 0.0296875 0.08125 0.059375
1 0.08828125 0.1734375 0.05 0.04375
1 0.182433934375 0.084260225 0.1969406875 0.098161984375 0.21849498750000002 0.11802650625 0.23033800000000001 0.1265398734375 0.218021253125 0.10951314062499999 0.1985987171875 0.0918557828125 0.182433934375 0.084260225
1 0.1703125 0.046875 0.01875 0.0125
1 0.18828125 0.05859375 0.009375 0.0125
1 0.1609375 0.0078125 0.015625 0.009375
1 0.1765625 0.02421875 0.009375 0.009375
1 0.20546875 0.04609375 0.0125 0.009375
1 0.23046875 0.0671875 0.015625 0.009375
1 0.24375 0.08046875 0.0125 0.0078125
1 0.22109375 0.015625 0.0140625 0.009375
1 0.31015625 0.10859375 0.0140625 0.0078125
1 0.17109375 0.240625 0.009375 0.0078125
1 0.36484375 0.13515625 0.015625 0.009375
1 0.39765625 0.20625 0.015625 0.0109375
1 0.4359375 0.21875 0.0125 0.0125
1 0.340625 0.2046875 0.0140625 0.00625
1 0.35390625 0.215625 0.0109375 0.009375
1 0.39375 0.25859375 0.009375 0.00625
1 0.41171875 0.27578125 0.015625 0.0125
1 0.45625 0.31796875 0.015625 0.009375
1 0.4953125 0.3515625 0.009375 0.009375
1 0.423296675 0.3761209515625 0.40075617656249996 0.383013053125 0.4099229453125 0.39431120937499997 0.43841480625000007 0.42062898437499996 0.460510596875 0.4403673265625 0.4727214109375 0.44501164062500004 0.48783954218750003 0.44191544218749995 0.457603225 0.4032128015625 0.423296675 0.3761209515625
1 0.47421875 0.403125 0.009375 0.0078125
1 0.4984375 0.3828125 0.0125 0.009375
1 0.5140625 0.43515625 0.015625 0.009375
1 0.54296875 0.4578125 0.015625 0.0109375
1 0.60859375 0.503125 0.015625 0.009375
1 0.61875 0.54765625 0.015625 0.009375
1 0.609375 0.565625 0.0171875 0.009375
1 0.58828125 0.60078125 0.03125 0.015625
1 0.51171875 0.503125 0.0125 0.0078125
1 0.5328125 0.4921875 0.0125 0.00625
1 0.48671875 0.465625 0.009375 0.0125
1 0.46796875 0.45390625 0.009375 0.00625
1 0.528125 0.53671875 0.009375 0.003125
1 0.53984375 0.56015625 0.0125 0.009375
1 0.50390625 0.51015625 0.015625 0.0078125
1 0.44375 0.5390625 0.021875 0.0171875
1 0.46875 0.5578125 0.0125 0.009375
1 0.4875 0.57578125 0.021875 0.0125
1 0.509375 0.53359375 0.00625 0.00625
1 0.5046875 0.5453125 0.025 0.0234375
1 0.48828125 0.48203125 0.009375 0.0078125
1 0.4875 0.4921875 0.009375 0.003125
1 0.4765625 0.5125 0.009375 0.0109375
1 0.703125 0.63515625 0.0171875 0.009375
1 0.68828125 0.65546875 0.01875 0.015625
1 0.653125 0.65625 0.015625 0.00625
1 0.6765625 0.61328125 0.01875 0.009375
1 0.64609375 0.63203125 0.0109375 0.0078125
1 0.690625 0.6765625 0.0125 0.00625
1 0.75703125 0.6671875 0.015625 0.009375
1 0.75625 0.684375 0.0125 0.009375
1 0.73203125 0.70390625 0.021875 0.00625
1 0.27578125 0.2890625 0.0171875 0.0109375
1 0.32265625 0.3046875 0.028125 0.015625
1 0.30703125 0.325 0.009375 0.0046875
1 0.33046875 0.34453125 0.0125 0.009375
1 0.31171875 0.35078125 0.0125 0.009375
1 0.31953125 0.3921875 0.0171875 0.015625
1 0.33828125 0.40625 0.015625 0.009375
1 0.38828125 0.4015625 0.0125 0.0109375
1 0.40390625 0.415625 0.009375 0.00625
1 0.3703125 0.41875 0.0125 0.00625
1 0.34921875 0.42109375 0.0109375 0.009375
1 0.44921875 0.44453125 0.015625 0.0046875
1 0.4515625 0.465625 0.0125 0.009375
1 0.4671875 0.48125 0.009375 0.0046875
1 0.4171875 0.4609375 0.009375 0.00625
1 0.434375 0.48671875 0.040625 0.0328125