1 0.028125 0.11328125 0.05625 0.07734375
1 0.16171875 0.12734375 0.040625 0.04609375
1 0.118615090625 0.2581644765625 0.11072249062499999 0.2472004375 0.0923064234375 0.2272458703125 0.0794183328125 0.213815790625 0.0864600484375 0.22878084375 0.102829890625 0.2467618640625 0.118615090625 0.2581644765625
1 0.04453125 0.203125 0.0125 0.0171875
1 0.05546875 0.21953125 0.01171875 0.009375
1 0.0078125 0.19375 0.00859375 0.01328125
1 0.0234375 0.20859375 0.0078125 0.009375
1 0.04375 0.23515625 0.0078125 0.0109375
1 0.0640625 0.2578125 0.009375 0.01328125
1 0.07578125 0.27109375 0.0078125 0.0109375
1 0.015625 0.25 0.009375 0.01328125
1 0.10234375 0.33203125 0.00703125 0.0125
1 0.22421875 0.203125 0.00703125 0.0078125
1 0.1265625 0.3828125 0.0078125 0.01484375
1 0.1921875 0.4125 0.01015625 0.0140625
1 0.20390625 0.4484375 0.0109375 0.0109375
1 0.190625 0.36015625 0.00625 0.01328125
1 0.20078125 0.371875 0.009375 0.01015625
1 0.24140625 0.409375 0.0046875 0.00859375
1 0.25703125 0.42578125 0.0109375 0.0140625
1 0.29609375 0.4671875 0.009375 0.015625
1 0.32734375 0.503125 0.009375 0.00859375
1 0.41386495781250004 0.48255849375000004 0.40955929218750003 0.4712539515625 0.3912602046875 0.45079808125 0.3668614328125 0.4244208515625 0.35638710156250003 0.4159344296875 0.34999754843750003 0.43680199999999997 0.3751139515625 0.4685623609375 0.410994525 0.4965545765625 0.41386495781250004 0.48255849375000004
1 0.375 0.484375 0.00703125 0.009375
1 0.35625 0.50703125 0.009375 0.0109375
1 0.4046875 0.5203125 0.0078125 0.0140625
1 0.42578125 0.54765625 0.01015625 0.0140625
1 0.46796875 0.60859375 0.00859375 0.01484375
1 0.509375 0.6171875 0.009375 0.0140625
1 0.52578125 0.60859375 0.009375 0.01640625
1 0.5578125 0.58984375 0.01484375 0.028125
1 0.46796875 0.51875 0.00703125 0.0109375
1 0.4578125 0.53828125 0.00546875 0.0109375
1 0.43359375 0.4953125 0.01171875 0.009375
1 0.421875 0.478125 0.00625 0.009375
1 0.49921875 0.53359375 0.00390625 0.00859375
1 0.52109375 0.54453125 0.009375 0.0109375
1 0.47421875 0.51171875 0.00703125 0.01484375
1 0.5015625 0.45625 0.01640625 0.01953125
1 0.51796875 0.47890625 0.0078125 0.01171875
1 0.53515625 0.49609375 0.0125 0.01953125
1 0.49609375 0.51640625 0.0046875 0.00703125
1 0.50703125 0.5125 0.021875 0.02265625
1 0.4484375 0.496875 0.00703125 0.00859375
1 0.45703125 0.49609375 0.003125 0.009375
1 0.47578125 0.48671875 0.01015625 0.009375
1 0.590625 0.69609375 0.009375 0.015625
1 0.60859375 0.68203125 0.0140625 0.0171875
1 0.609375 0.64921875 0.00625 0.01328125
1 0.56953125 0.67109375 0.009375 0.01796875
1 0.58671875 0.64296875 0.00703125 0.01015625
1 0.62890625 0.684375 0.00625 0.0109375
1 0.61953125 0.7453125 0.0078125 0.015625
1 0.6359375 0.7453125 0.00859375 0.01171875
1 0.65390625 0.72265625 0.00703125 0.0203125
1 0.26953125 0.30078125 0.01015625 0.01640625
1 0.28359375 0.34375 0.01484375 0.0265625
1 0.30234375 0.3296875 0.0046875 0.009375
1 0.32109375 0.35078125 0.00859375 0.0125
1 0.3265625 0.33359375 0.009375 0.01171875
1 0.36484375 0.340625 0.01484375 0.015625
1 0.378125 0.3578125 0.00859375 0.01484375
1 0.37421875 0.4046875 0.01015625 0.0125
1 0.38671875 0.41875 0.00625 0.009375
1 0.3890625 0.3875 0.00546875 0.0109375
1 0.3921875 0.36875 0.0078125 0.01015625
1 0.41328125 0.4609375 0.0046875 0.01328125
1 0.43359375 0.46328125 0.00859375 0.01171875
1 0.44765625 0.47734375 0.00390625 0.0078125
1 0.42890625 0.43125 0.0046875 0.009375
1 0.45234375 0.44765625 0.03046875 0.03671875