5 0.3333333328125 0.4615384609375 0.35576923125 0.45512820468750004 0.375 0.3878205125 0.37179487187500004 0.35256410312500003 0.38141025625 0.3269230765625 0.35576923125 0.31089743593749997 0.346153846875 0.31089743593749997 0.3429487171875 0.3397435890625 0.31089743593749997 0.40384615312500005 0.31410256406250003 0.44551282031249995 0.3333333328125 0.4615384609375
5 0.23076923124999998 0.5929487171875001 0.23076923124999998 0.528846153125 0.2115384609375 0.5064102562499999 0.20833333281250002 0.5064102562499999 0.17628205156250001 0.5865384609375 0.18589743593750002 0.6217948718749999 0.20833333281250002 0.6217948718749999 0.23076923124999998 0.5929487171875001
5 0.224358975 0.42948717968750005 0.224358975 0.38141025625 0.20833333281250002 0.3333333328125 0.1794871796875 0.3269230765625 0.1730769234375 0.3269230765625 0.16987179531250002 0.43589743593749997 0.1826923078125 0.45512820468750004 0.2115384609375 0.4583333328125 0.224358975 0.42948717968750005
5 0.384615384375 0.474358975 0.375 0.4583333328125 0.358974359375 0.4583333328125 0.349358975 0.5064102562499999 0.358974359375 0.5512820515625 0.384615384375 0.525641025 0.384615384375 0.474358975
5 0.37820512812499996 0.8782051281250001 0.375 0.8012820515625 0.375 0.7916666671875 0.3429487171875 0.8012820515625 0.3365384609375 0.8653846156249999 0.349358975 0.9070512828125 0.37820512812499996 0.8782051281250001
5 0.37179487187500004 0.7916666671875 0.38141025625 0.759615384375 0.39423076875 0.7564102562499999 0.3878205125 0.7371794875 0.39743589687499997 0.724358975 0.38141025625 0.6826923078125 0.3621794875 0.6794871796875 0.358974359375 0.6762820515625 0.3301282046875 0.7628205125 0.3365384609375 0.7916666671875 0.35256410312500003 0.8012820515625 0.37179487187500004 0.7916666671875
5 0.634615384375 0.73076923125 0.64423076875 0.6698717953125 0.634615384375 0.634615384375 0.608974359375 0.615384615625 0.60576923125 0.615384615625 0.5929487171875001 0.650641025 0.5897435890625 0.721153846875 0.6121794875 0.7532051281250001 0.634615384375 0.73076923125
5 0.6602564109375 0.384615384375 0.6570512828124999 0.365384615625 0.64423076875 0.35256410312500003 0.634615384375 0.358974359375 0.634615384375 0.400641025 0.64423076875 0.4102564109375 0.6602564109375 0.384615384375
5 0.7051282046875 0.8301282046875 0.7179487171875001 0.8301282046875 0.733974359375 0.8012820515625 0.733974359375 0.740384615625 0.7179487171875001 0.7051282046875 0.7051282046875 0.7051282046875 0.6891025640625 0.7147435890625 0.6826923078125 0.7371794875 0.6858974359375 0.7916666671875 0.7051282046875 0.8301282046875
5 0.7820512828124999 0.8108974359375001 0.7980769234375 0.8108974359375001 0.8141025640624999 0.7852564109375 0.7948717953125 0.6858974359375 0.7916666671875 0.6826923078125 0.772435896875 0.6923076921875 0.766025640625 0.740384615625 0.766025640625 0.7820512828124999 0.7820512828124999 0.8108974359375001
5 0.8108974359375001 0.5673076921875 0.8108974359375001 0.509615384375 0.7948717953125 0.4647435890625 0.7884615390625 0.4647435890625 0.7628205125 0.5480769234375 0.775641025 0.602564103125 0.7980769234375 0.599358975 0.8108974359375001 0.5673076921875
5 0.7852564109375 0.43910256406250003 0.7884615390625 0.4583333328125 0.8012820515625 0.4647435890625 0.8044871796875 0.496794871875 0.8076923078125 0.48076923125000004 0.8333333328125001 0.4647435890625 0.8365384609375001 0.43589743593749997 0.8141025640624999 0.2948717953125 0.7948717953125 0.2628205125 0.7884615390625 0.2628205125 0.76923076875 0.31089743593749997 0.76923076875 0.3621794875 0.7884615390625 0.400641025 0.7852564109375 0.43910256406250003
5 0.7948717953125 0.1826923078125 0.7948717953125 0.147435896875 0.775641025 0.121794871875 0.76923076875 0.121794871875 0.7371794875 0.1634615390625 0.7628205125 0.20512820468749998 0.7884615390625 0.20192307656250003 0.7948717953125 0.1826923078125
5 0.8429487171875 0 0.8365384609375001 0.0544871796875 0.8397435890624999 0.108974359375 0.85576923125 0.134615384375 0.88141025625 0.11538461562499999 0.8878205124999999 0.08974358906249999 0.875 0 0.8589743593750001 0 0.8429487171875 0