5 0.9895833328125001 0.5069444437499999 0.972222221875 0.43402777812500004 0.96875 0.43402777812500004 0.9618055562500001 0.5381944437499999 0.9826388890625 0.527777778125 0.9895833328125001 0.5069444437499999
5 0.8506944437499999 0.40277777812500004 0.8541666671874999 0.30902777812500004 0.8506944437499999 0.3125 0.8229166671874999 0.3125 0.809027778125 0.34722222187499996 0.8125 0.41319444375 0.8263888890625 0.43055555625 0.8506944437499999 0.40277777812500004
5 0.8506944437499999 0.4861111109375 0.8368055562500001 0.4583333328125 0.8194444437499999 0.4583333328125 0.8125 0.503472221875 0.8333333328125001 0.534722221875 0.847222221875 0.5173611109375 0.8506944437499999 0.4861111109375
5 0.96875 0.715277778125 0.9618055562500001 0.625 0.9583333328125001 0.625 0.9583333328125001 0.7256944437499999 0.96875 0.715277778125
5 0.8368055562500001 0.597222221875 0.815972221875 0.59375 0.809027778125 0.59375 0.7951388890625 0.6145833328125 0.7951388890625 0.65625 0.8020833328125001 0.690972221875 0.8194444437499999 0.7048611109375 0.8368055562500001 0.6770833328125 0.840277778125 0.621527778125 0.8298611109375 0.6180555562500001 0.8368055562500001 0.597222221875
5 0.8611111109375 0.777777778125 0.847222221875 0.746527778125 0.8333333328125001 0.746527778125 0.8194444437499999 0.777777778125 0.8194444437499999 0.8263888890625 0.840277778125 0.8576388890625 0.8611111109375 0.8229166671874999 0.8611111109375 0.777777778125
5 0.7744709000000001 1 0.7708333328125 0.9618055562500001 0.7604166671875 0.9618055562500001 0.746527778125 0.9930555562500001 0.746527778125 1 0.7744709000000001 1
5 0.7291666671875 0.746527778125 0.7083333328125 0.7361111109375 0.7048611109375 0.7395833328125 0.6944444437499999 0.815972221875 0.715277778125 0.840277778125 0.7256944437499999 0.8298611109375 0.7291666671875 0.746527778125
5 0.777777778125 0.4826388890625 0.7638888890625 0.46180555625 0.753472221875 0.46180555625 0.7430555562500001 0.47222222187499996 0.7395833328125 0.53125 0.746527778125 0.5486111109375 0.7638888890625 0.5520833328125 0.7743055562500001 0.5451388890625 0.777777778125 0.4826388890625
5 0.75 0.31944444375000003 0.7395833328125 0.2916666671875 0.7256944437499999 0.2916666671875 0.715277778125 0.37152777812500004 0.722222221875 0.3854166671875 0.7430555562500001 0.3888888890625 0.75 0.31944444375000003
5 0.8055555562500001 0.222222221875 0.784722221875 0.18402777812499999 0.78125 0.18402777812499999 0.7638888890625 0.22569444375 0.7743055562500001 0.27777777812500004 0.7881944437499999 0.27777777812500004 0.8055555562500001 0.222222221875
5 0.7194444437499999 1 0.7291666671875 0.9513888890625 0.7256944437499999 0.9166666671874999 0.7118055562500001 0.909722221875 0.6979166671875 0.909722221875 0.684027778125 0.9895833328125001 0.6875 1 0.7194444437499999 1
5 0.6354166671875 0.7638888890625 0.628472221875 0.5486111109375 0.625 0.5486111109375 0.6076388890625 0.715277778125 0.6180555562500001 0.784722221875 0.6354166671875 0.7638888890625
5 0.630972221875 1 0.6354166671875 0.9444444437499999 0.6180555562500001 0.934027778125 0.6145833328125 0.934027778125 0.611584596875 1 0.630972221875 1
5 0.27777777812500004 0.527777778125 0.2638888890625 0.5173611109375 0.25694444375000003 0.5173611109375 0.24305555625 0.5625 0.25347222187499996 0.621527778125 0.27430555624999997 0.6041666671875 0.27777777812500004 0.527777778125
5 0.2638888890625 0.847222221875 0.25347222187499996 0.7881944437499999 0.25 0.7881944437499999 0.23263888906250002 0.8333333328125001 0.24305555625 0.8854166671874999 0.25694444375000003 0.8819444437499999 0.2638888890625 0.847222221875
5 0.14930555625 0.6041666671875 0.13888888906250002 0.5763888890625 0.12847222187500001 0.5868055562500001 0.11805555625 0.590277778125 0.1145833328125 0.621527778125 0.12847222187500001 0.6631944437499999 0.13888888906250002 0.6631944437499999 0.14930555625 0.6041666671875
5 0.17361111093749998 0.5069444437499999 0.16319444375 0.4826388890625 0.15277777812499999 0.4826388890625 0.14236111093749998 0.4895833328125 0.13888888906250002 0.5416666671875 0.1458333328125 0.5798611109375 0.15625 0.5868055562500001 0.17361111093749998 0.565972221875 0.17361111093749998 0.5069444437499999
5 0.1111111109375 0.652777778125 0.090277778125 0.6076388890625 0.07986111093750001 0.6076388890625 0.06944444375 0.690972221875 0.08333333281250001 0.71875 0.09375 0.71875 0.1111111109375 0.652777778125
5 0.11805555625 1 0.121527778125 0.996527778125 0.121527778125 0.9479166671874999 0.09375 0.909722221875 0.09375 0.9131944437499999 0.08680555625 0.96875 0.10243055625 1 0.11805555625 1
5 0.1354166671875 0.878472221875 0.121527778125 0.8576388890625 0.11805555625 0.8576388890625 0.10069444375 0.8680555562500001 0.097222221875 0.902777778125 0.125 0.9305555562500001 0.1354166671875 0.878472221875
5 0.1666666671875 0.25 0.14236111093749998 0.18402777812499999 0.13888888906250002 0.18402777812499999 0.13194444375 0.24305555625 0.14236111093749998 0.27430555624999997 0.15625 0.28125 0.1666666671875 0.25
5 0.18055555625 0.21180555625 0.18055555625 0.1111111109375 0.16319444375 0.1111111109375 0.15277777812499999 0.18402777812499999 0.1666666671875 0.20833333281250002 0.18055555625 0.21180555625
5 0.5451388890625 0.27430555624999997 0.53125 0.25347222187499996 0.5208333328125 0.25347222187499996 0.5173611109375 0.31944444375000003 0.5381944437499999 0.33680555624999997 0.5451388890625 0.27430555624999997
5 0.6666666671875 0.1666666671875 0.6631944437499999 0.09375 0.659722221875 0.097222221875 0.6388888890625 0.097222221875 0.628472221875 0.125 0.6319444437499999 0.18055555625 0.6388888890625 0.20138888906250002 0.652777778125 0.20486111093749998 0.6666666671875 0.1666666671875
5 0.534722221875 0.16319444375 0.5208333328125 0.1145833328125 0.5138888890625 0.1145833328125 0.5 0.1354166671875 0.5 0.18055555625 0.5104166671875 0.20138888906250002 0.527777778125 0.20486111093749998 0.534722221875 0.16319444375
5 0.6145833328125 0.1145833328125 0.6006944437499999 0.05208333281250001 0.5868055562500001 0.05208333281250001 0.5833333328125 0.125 0.597222221875 0.1354166671875 0.6145833328125 0.1145833328125
5 0.16319444375 0.3854166671875 0.15277777812499999 0.3611111109375 0.14236111093749998 0.3611111109375 0.13888888906250002 0.4548611109375 0.15277777812499999 0.4583333328125 0.16319444375 0.44097222187499996 0.16319444375 0.3854166671875
5 0.1076388890625 0.44444444375 0.090277778125 0.3888888890625 0.08333333281250001 0.3888888890625 0.059027778125 0.4513888890625 0.0625 0.4826388890625 0.07638888906249999 0.49652777812500004 0.10069444375 0.47222222187499996 0.1076388890625 0.44444444375
5 0.121527778125 0.3333333328125 0.1076388890625 0.2986111109375 0.10069444375 0.2986111109375 0.08680555625 0.30555555624999997 0.07986111093750001 0.3333333328125 0.097222221875 0.3854166671875 0.1145833328125 0.36805555624999997 0.121527778125 0.3333333328125
5 0.1145833328125 0.4861111109375 0.10069444375 0.4791666671875 0.097222221875 0.4826388890625 0.08333333281250001 0.5138888890625 0.08333333281250001 0.5694444437499999 0.10069444375 0.59375 0.121527778125 0.5555555562500001 0.125 0.5208333328125 0.1145833328125 0.4861111109375
5 0 0.3489583328125 0.013888889062500001 0.3611111109375 0.02430555625 0.2951388890625 0.013888889062500001 0.25694444375000003 0 0.25694444375000003 0 0.3489583328125
5 0.05208333281250001 0.5 0.0208333328125 0.4201388890625 0.0173611109375 0.4201388890625 0.0034722218749999997 0.4548611109375 0.006944443749999999 0.5 0.0173611109375 0.5416666671875 0.03125 0.5486111109375 0.0486111109375 0.53125 0.05208333281250001 0.5