5 0.384615384375 0.5352564109375 0.4102564109375 0.516025640625 0.41987179531249996 0.44551282031249995 0.4487179484375 0.43269230781249995 0.4487179484375 0.3621794875 0.46794871718750003 0.346153846875 0.43910256406250003 0.3365384609375 0.42948717968750005 0.2916666671875 0.4102564109375 0.2820512828125 0.40705128281249997 0.278846153125 0.384615384375 0.31089743593749997 0.358974359375 0.4583333328125 0.358974359375 0.49358974375000003 0.384615384375 0.5352564109375
5 0.3012820515625 0 0.3301282046875 0.025641025 0.3397435890625 0.0128205125 0.358974359375 0.022435896875 0.3429487171875 0.035256410937499996 0.375 0.057692307812499996 0.36858974375 0.0673076921875 0.3878205125 0.0737179484375 0.39743589687499997 0.125 0.41987179531249996 0.121794871875 0.44551282031249995 0.099358975 0.4615384609375 0.121794871875 0.496794871875 0.134615384375 0.496794871875 0.125 0.47115384687499995 0.121794871875 0.4583333328125 0.102564103125 0.48076923125000004 0.08012820468750001 0.4583333328125 0.0737179484375 0.47756410312500003 0.00641025625 0.41987179531249996 0 0.400641025 0.0416666671875 0.375 0 0.37179487187500004 0.009615384375 0.365384615625 0 0.349358975 0 0.3012820515625 0
5 0.496794871875 0.141025640625 0.47115384687499995 0.1634615390625 0.4583333328125 0.221153846875 0.48076923125000004 0.24679487187500002 0.5128205125 0.22756410312500003 0.5320512828124999 0.1730769234375 0.5352564109375 0.20192307656250003 0.51923076875 0.25 0.525641025 0.25641025625 0.5608974359375 0.20192307656250003 0.5641025640625 0.1666666671875 0.599358975 0.128205128125 0.608974359375 0.13141025625 0.625 0.17628205156250001 0.615384615625 0.11538461562499999 0.602564103125 0.099358975 0.608974359375 0.08012820468750001 0.596153846875 0.0544871796875 0.60576923125 0.0384615390625 0.5576923078125 0.035256410937499996 0.5544871796875 0.0320512828125 0.525641025 0.035256410937499996 0.5320512828124999 0.0512820515625 0.5064102562499999 0.096153846875 0.496794871875 0.141025640625
5 0.10576923125 0.9967948718749999 0.1570512828125 0.9262820515625 0.153846153125 0.9134615390624999 0.125 0.903846153125 0.121794871875 0.903846153125 0.08333333281250001 0.9198717953125 0.057692307812499996 0.9519230765625 0.0512820515625 0.9967948718749999 0.10576923125 0.9967948718749999
5 0.6121794875 0.48076923125000004 0.596153846875 0.5 0.599358975 0.522435896875 0.6217948718749999 0.5352564109375 0.6762820515625 0.528846153125 0.6891025640625 0.5064102562499999 0.8108974359375001 0.43589743593749997 0.8108974359375001 0.4230769234375 0.7916666671875 0.4230769234375 0.7884615390625 0.41987179531249996 0.653846153125 0.42948717968750005 0.6185897437500001 0.4519230765625 0.596153846875 0.4519230765625 0.6121794875 0.48076923125000004
5 0.10576923125 0.39423076875 0.125 0.40705128281249997 0.1730769234375 0.4134615390625 0.1955128203125 0.42948717968750005 0.221153846875 0.40384615312500005 0.23397435937500002 0.4102564109375 0.275641025 0.38141025625 0.27243589687499997 0.35256410312500003 0.25 0.346153846875 0.23076923124999998 0.346153846875 0.134615384375 0.35576923125 0.0641025640625 0.384615384375 0.0705128203125 0.39423076875 0.10576923125 0.39423076875
5 0.43589743593749997 0.8878205124999999 0.4262820515625 0.897435896875 0.43910256406250003 0.9102564109375001 0.4519230765625 0.9967948718749999 0.5 0.9967948718749999 0.516025640625 0.89423076875 0.5064102562499999 0.8397435890624999 0.483974359375 0.8237179484375 0.48076923125000004 0.8205128203125 0.45512820468750004 0.846153846875 0.43269230781249995 0.846153846875 0.42948717968750005 0.8621794875000001 0.43589743593749997 0.8878205124999999
5 0.125 0.759615384375 0.13141025625 0.7916666671875 0.1570512828125 0.7948717953125 0.1794871796875 0.775641025 0.20192307656250003 0.727564103125 0.27243589687499997 0.653846153125 0.26923076875 0.6378205125 0.25 0.6282051281250001 0.24358974375 0.6282051281250001 0.2115384609375 0.647435896875 0.17628205156250001 0.653846153125 0.153846153125 0.7179487171875001 0.125 0.759615384375
5 0.31089743593749997 0.7628205125 0.349358975 0.7467948718749999 0.39423076875 0.6794871796875 0.41987179531249996 0.615384615625 0.40705128281249997 0.5705128203125 0.391025640625 0.5705128203125 0.365384615625 0.5769230765625 0.3429487171875 0.6185897437500001 0.31089743593749997 0.7019230765625 0.31089743593749997 0.7628205125
5 0.7884615390625 0.9615384609375001 0.846153846875 0.903846153125 0.8878205124999999 0.8269230765625 0.8846153843750001 0.8076923078125 0.875 0.8076923078125 0.7980769234375 0.8717948718749999 0.7532051281250001 0.9358974359375001 0.7628205125 0.9551282046875 0.7884615390625 0.9615384609375001
5 0.8108974359375001 0.4487179484375 0.7948717953125 0.5032051281250001 0.7948717953125 0.5448717953125 0.8044871796875 0.5576923078125 0.85576923125 0.5448717953125 0.8653846156249999 0.5 0.849358975 0.4262820515625 0.8589743593750001 0.3237179484375 0.846153846875 0.3044871796875 0.8397435890624999 0.3044871796875 0.8205128203125 0.3237179484375 0.8141025640624999 0.4102564109375 0.8044871796875 0.41987179531249996 0.8108974359375001 0.4487179484375
5 0.7948717953125 0.73076923125 0.7980769234375 0.7435897437500001 0.7820512828124999 0.7532051281250001 0.7820512828124999 0.76923076875 0.7948717953125 0.778846153125 0.8205128203125 0.772435896875 0.9455128203125 0.7115384609375 0.9615384609375001 0.6891025640625 0.9391025640624999 0.6794871796875 0.9358974359375001 0.6794871796875 0.8301282046875 0.7051282046875 0.8141025640624999 0.7147435890625 0.8076923078125 0.733974359375 0.7948717953125 0.73076923125