5 0.217687075 0.5408163265625 0.25850340156249996 0.5306122453125 0.2789115640625 0.5068027203125001 0.2210884359375 0.47278911562500003 0.1938775515625 0.47278911562500003 0.180272109375 0.48979591874999995 0.180272109375 0.4965986390625 0.18367346874999999 0.5170068031249999 0.217687075 0.5408163265625
5 0.3265306125 0.44557823125 0.3605442171875 0.42176870781250003 0.3605442171875 0.408163265625 0.3231292515625 0.3945578234375 0.2959183671875 0.397959184375 0.2687074828125 0.41836734687500005 0.2687074828125 0.4421768703125 0.2959183671875 0.45238095312500004 0.3265306125 0.44557823125
5 0.34693877500000003 0.6700680265625001 0.38435374218749996 0.6768707484375 0.43537415 0.6394557828125 0.44897959218750005 0.6054421765625 0.428571428125 0.5884353734375 0.38095238125 0.5850340140625 0.3605442171875 0.59863945625 0.343537415625 0.636054421875 0.343537415625 0.656462584375 0.34693877500000003 0.6700680265625001
5 0.4761904765625 0.5612244890625 0.5 0.57482993125 0.5408163265625 0.57482993125 0.5680272109375 0.537414965625 0.5612244890625 0.5204081625 0.5306122453125 0.5136054421875 0.4931972796875 0.5136054421875 0.46598639531249997 0.527210884375 0.46598639531249997 0.5408163265625 0.4761904765625 0.5612244890625
5 0.7959183671875001 0.547619046875 0.8129251703125 0.5510204078125 0.8605442171875 0.547619046875 0.8843537421875001 0.5238095234375 0.874149659375 0.5034013609375 0.8435374156250001 0.48979591874999995 0.7857142859375 0.4965986390625 0.7789115640625 0.51020408125 0.7789115640625 0.5204081625 0.7959183671875001 0.547619046875
5 0.9931972796874999 0.591836734375 0.9795918374999999 0.5612244890625 0.9421768703125 0.547619046875 0.9081632656249999 0.5714285718750001 0.9081632656249999 0.591836734375 0.9421768703125 0.6224489796875 0.9795918374999999 0.6088435375000001 0.9931972796874999 0.591836734375
5 0.66326530625 0.42176870781250003 0.636054421875 0.41836734687500005 0.6088435375000001 0.41836734687500005 0.581632653125 0.44557823125 0.581632653125 0.45238095312500004 0.656462584375 0.4693877546875 0.68367346875 0.44897959218750005 0.66326530625 0.42176870781250003
5 0.6666666671875 0.156462584375 0.6768707484375 0.13945578281249998 0.6768707484375 0.125850340625 0.6394557828125 0.09863945625000001 0.5952380953125 0.0952380953125 0.5884353734375 0.1156462578125 0.5884353734375 0.1326530609375 0.636054421875 0.156462584375 0.6666666671875 0.156462584375
5 0.8197278906250001 0.3945578234375 0.79251700625 0.3605442171875 0.7517006796875 0.363945578125 0.7312925171875 0.3877551015625 0.7312925171875 0.41156462656250004 0.7755102046875 0.42176870781250003 0.8129251703125 0.41156462656250004 0.8197278906250001 0.3945578234375
5 0.61904761875 0.7653061218749999 0.646258503125 0.7619047625 0.6700680265625001 0.744897959375 0.6428571421875 0.710884353125 0.5850340140625 0.70748299375 0.5680272109375 0.7210884359375 0.5680272109375 0.7414965984374999 0.5850340140625 0.7585034015625001 0.61904761875 0.7653061218749999
5 0.1870748296875 0.2789115640625 0.20748299375 0.289115646875 0.2619047625 0.2959183671875 0.2755102046875 0.28571428593750003 0.27210884375 0.2687074828125 0.24149659843750002 0.24489795937499997 0.20748299375 0.234693878125 0.1768707484375 0.24149659843750002 0.1768707484375 0.255102040625 0.1870748296875 0.2789115640625
5 0.527210884375 0.40136054374999997 0.5578231296875 0.408163265625 0.602040815625 0.40136054374999997 0.625850340625 0.38435374218749996 0.61904761875 0.3605442171875 0.5612244890625 0.33673469375 0.527210884375 0.3503401359375 0.5204081625 0.3707483 0.5204081625 0.38095238125 0.527210884375 0.40136054374999997
5 0.5136054421875 0.4047619046875 0.48639455781249996 0.3571428578125 0.4421768703125 0.363945578125 0.42176870781250003 0.38095238125 0.42176870781250003 0.3945578234375 0.4387755109375 0.41156462656250004 0.46598639531249997 0.41836734687500005 0.5136054421875 0.4047619046875
5 1 0.1428571421875 0.9761904765624999 0.1292517 0.9149659859374999 0.12244897968749999 0.9013605437500001 0.1496598640625 0.9013605437500001 0.1666666671875 0.92517006875 0.18367346874999999 0.9659863953125001 0.180272109375 1 0.156462584375 1 0.1428571421875
5 0.26252319062499996 0 0.2687074828125 0.017006803125 0.309523809375 0.0306122453125 0.3299319734375 0.0204081625 0.34159377968750004 0 0.26252319062499996 0
5 0.2040816328125 0.1700680265625 0.17346938750000002 0.1428571421875 0.0952380953125 0.136054421875 0.08843537343749999 0.1496598640625 0.08843537343749999 0.1666666671875 0.102040815625 0.20068027187499998 0.20748299375 0.1938775515625 0.2040816328125 0.1700680265625