5 0.72413793125 0.5310344828125 0.765517240625 0.465517240625 0.8310344828125 0.4517241375 0.8448275859375001 0.42413793125000004 0.8379310343749999 0.40344827656250004 0.789655171875 0.389655171875 0.734482759375 0.4172413796875 0.6896551718749999 0.4965517234375 0.6965517234374999 0.5206896546875 0.7172413796875 0.5310344828125 0.72413793125 0.5310344828125
5 0.7689655171875 0.4068965515625 0.7827586203125 0.3793103453125 0.7827586203125 0.362068965625 0.7689655171875 0.34827586250000003 0.7172413796875 0.34827586250000003 0.734482759375 0.362068965625 0.7 0.3827586203125 0.7068965515625 0.386206896875 0.6655172406250001 0.44482758593750005 0.6655172406250001 0.5068965515625 0.6886896546875 0.5135172406249999 0.6931034484375 0.5068965515625 0.67241379375 0.5 0.686206896875 0.4965517234375 0.6965517234374999 0.47586206875 0.710344828125 0.47586206875 0.7034482765625001 0.465517240625 0.7310344828125 0.42758620625 0.7517241375 0.42413793125000004 0.734482759375 0.4172413796875 0.7413793109375 0.4068965515625 0.7517241375 0.41034482812500006 0.765517240625 0.3965517234375 0.7689655171875 0.4068965515625
5 0.6689655171875 0.3965517234375 0.6793103453125 0.386206896875 0.686206896875 0.4068965515625 0.686206896875 0.3793103453125 0.6965517234374999 0.36896551718750004 0.7034482765625001 0.37586206875 0.713793103125 0.34482758593749996 0.7206896546875 0.3586206890625 0.7206896546875 0.313793103125 0.6827586203125 0.313793103125 0.6517241375 0.334482759375 0.6482758625 0.32758620625 0.613793103125 0.362068965625 0.613793103125 0.4068965515625 0.6 0.43448275937499997 0.5965517234375 0.42758620625 0.5931034484375 0.4551724140625 0.6068965515625 0.465517240625 0.5965517234375 0.46896551718749996 0.6 0.5 0.6034482765625 0.5 0.6206896546875 0.4965517234375 0.6310344828125001 0.47241379375000003 0.637931034375 0.48965517187499996 0.634482759375 0.465517240625 0.6448275859375 0.4551724140625 0.6551724140624999 0.47241379375000003 0.6517241375 0.44482758593750005 0.662068965625 0.43448275937499997 0.6689655171875 0.4413793109375 0.6689655171875 0.3965517234375
5 0.6551724140624999 0.2931034484375 0.6482758625 0.3034482765625 0.634482759375 0.2965517234375 0.6172413796875 0.3068965515625 0.6 0.32413793125 0.6172413796875 0.32758620625 0.5931034484375 0.337931034375 0.5827586203124999 0.3551724140625 0.562068965625 0.42758620625 0.562068965625 0.4793103453125 0.5689655171875 0.4931034484375 0.5827586203124999 0.48965517187499996 0.586206896875 0.5034482765625 0.5896551718749999 0.5034482765625 0.5896551718749999 0.4551724140625 0.610344828125 0.4068965515625 0.6 0.3965517234375 0.6206896546875 0.386206896875 0.6068965515625 0.3793103453125 0.6206896546875 0.37241379375 0.613793103125 0.365517240625 0.62413793125 0.34482758593749996 0.6586206890625 0.3172413796875 0.6551724140624999 0.2931034484375
5 0.534482759375 0.47241379375000003 0.5482758624999999 0.43793103437500003 0.5482758624999999 0.3793103453125 0.5586206890625001 0.3551724140625 0.5965517234375 0.3206896546875 0.5931034484375 0.2965517234375 0.5551724140625 0.31034482812499997 0.5206896546875 0.365517240625 0.513793103125 0.462068965625 0.5310344828125 0.46896551718749996 0.534482759375 0.47241379375000003
5 0.46896551718749996 0.5448275859375 0.47586206875 0.5448275859375 0.4931034484375 0.5413793109375 0.4965517234375 0.5034482765625 0.5 0.537931034375 0.5068965515625 0.52758620625 0.5 0.44827586249999996 0.5172413796875001 0.3586206890625 0.5310344828125 0.34137931093749996 0.48965517187499996 0.37241379375 0.47241379375000003 0.4172413796875 0.46896551718749996 0.5448275859375
5 0.4965517234375 0.34482758593749996 0.48965517187499996 0.32413793125 0.4517241375 0.34482758593749996 0.42413793125000004 0.42413793125000004 0.42758620625 0.513793103125 0.44827586249999996 0.5482758624999999 0.4517241375 0.5482758624999999 0.465517240625 0.42758620625 0.4965517234375 0.34482758593749996
5 0.4 0.57586206875 0.4172413796875 0.562068965625 0.42068965468749997 0.5068965515625 0.41034482812500006 0.48275862031249994 0.42413793125000004 0.3793103453125 0.43448275937499997 0.3793103453125 0.42758620625 0.3551724140625 0.3965517234375 0.3827586203125 0.386206896875 0.42758620625 0.386206896875 0.57586206875 0.4 0.57586206875
5 0.389655171875 0.389655171875 0.3827586203125 0.365517240625 0.3517241375 0.3827586203125 0.334482759375 0.44482758593750005 0.32758620625 0.510344828125 0.34827586250000003 0.57586206875 0.3551724140625 0.57586206875 0.36896551718750004 0.4517241375 0.389655171875 0.389655171875
5 0.289655171875 0.537931034375 0.3206896546875 0.5896551718749999 0.32758620625 0.5896551718749999 0.3172413796875 0.5827586203124999 0.3310344828125 0.5793103453125 0.337931034375 0.5551724140625 0.3310344828125 0.47586206875 0.334482759375 0.4310344828125 0.34827586250000003 0.4068965515625 0.34482758593749996 0.3827586203125 0.3172413796875 0.3931034484375 0.289655171875 0.465517240625 0.289655171875 0.537931034375
5 0.26551724062500004 0.6034482765625 0.2586206890625 0.6310344828125001 0.27241379375 0.6310344828125001 0.2931034484375 0.6206896546875 0.2793103453125 0.47586206875 0.31034482812499997 0.41034482812500006 0.3068965515625 0.3793103453125 0.26551724062500004 0.4 0.2310344828125 0.462068965625 0.2310344828125 0.5448275859375 0.2517241375 0.5827586203124999 0.24827586250000003 0.5965517234375 0.26551724062500004 0.6034482765625
5 0.21724137968749999 0.662068965625 0.24137931093749998 0.6448275859375 0.22413793124999998 0.5517241375 0.234482759375 0.42758620625 0.21724137968749999 0.4310344828125 0.1965517234375 0.4551724140625 0.17241379375000002 0.537931034375 0.189655171875 0.6068965515625 0.213793103125 0.634482759375 0.213793103125 0.6586206890625 0.21724137968749999 0.662068965625
5 0.137931034375 0.5172413796875001 0.137931034375 0.5931034484375 0.162068965625 0.6448275859375 0.1931034484375 0.67586206875 0.2034482765625 0.67586206875 0.2068965515625 0.6482758625 0.1931034484375 0.637931034375 0.1965517234375 0.62413793125 0.17586206875 0.5896551718749999 0.1689655171875 0.5517241375 0.1689655171875 0.5206896546875 0.1931034484375 0.45862068906250003 0.1793103453125 0.4517241375 0.15517241406249999 0.47586206875 0.137931034375 0.5172413796875001