1 0.021875 0.56640625 0.04296875 0.0859375
1 0.2359375 0.52109375 0.0671875 0.059375
1 0.25625 0.6671875 0.08671875 0.0953125
1 0.0359375 0.89921875 0.071875 0.0953125
1 0.05 0.79609375 0.0390625 0.03828125
1 0.30859375 0.965625 0.0484375 0.04609375
1 0.35703125 0.91328125 0.0515625 0.06015625
1 0.38203125 0.7390625 0.075 0.07421875
1 0.47109375 0.721875 0.0625 0.1015625
1 0.55625 0.7609375 0.04296875 0.0671875
1 0.71484375 0.7078125 0.084375 0.0984375
1 0.603125 0.796875 0.0359375 0.0578125
1 0.62421875 0.5859375 0.084375 0.1078125
1 0.5640625 0.47578125 0.03984375 0.05703125
1 0.65546875 0.44296875 0.065625 0.0515625
1 0.753125 0.49921875 0.0515625 0.05625
1 0.86328125 0.46875 0.05625 0.05234375
1 0.91875 0.41484375 0.0796875 0.0890625
1 0.7390625 0.9578125 0.0890625 0.06796875
1 0.5703125 0.98046875 0.04765625 0.0390625
1 0.44375 0.95390625 0.034375 0.04140625
1 0.4203125 0.81953125 0.0296875 0.04765625
1 0.3671875 0.5125 0.07109375 0.04609375
1 0.0609375 0.65390625 0.02734375 0.034375
1 0.2515625 0.96484375 0.03125 0.04453125
1 0.45625 0.8359375 0.02421875 0.04609375
1 0.540625 0.5515625 0.05546875 0.0484375
1 0.14453125 0.5109375 0.05390625 0.053125
1 0.984375 0.5984375 0.03125 0.05625
1 0.9875 0.70859375 0.025 0.0640625