1 0.43828125 0.184375 0.046875 0.0796875
1 0.4828125 0.171875 0.0328125 0.065625
1 0.49296875 0.31875 0.0390625 0.084375
1 0.33671875 0.18828125 0.034375 0.046875
1 0.3359375 0.24765625 0.0203125 0.0296875
1 0.346875 0.3078125 0.028125 0.046875
1 0.40859375 0.3421875 0.04375 0.059375
1 0.4125 0.428125 0.0375 0.059375
1 0.4015625 0.52421875 0.025 0.034375
1 0.3265625 0.534375 0.021875 0.0625
1 0.39296875 0.571875 0.025 0.03125
1 0.4578125 0.60859375 0.0328125 0.0734375
1 0.41953125 0.690625 0.04375 0.0546875
1 0.33203125 0.7328125 0.034375 0.05
1 0.48984375 0.74296875 0.0375 0.0375
1 0.49765625 0.86171875 0.03125 0.0375
1 0.51640625 0.9328125 0.0328125 0.05625
1 0.41796875 0.99375 0.028125 0.0125
1 0.4609375 0.9921875 0.0359375 0.015625
1 0.49765625 0.53984375 0.03125 0.0578125
1 0.5046875 0.6421875 0.021875 0.071875
1 0.48359375 0.0734375 0.0265625 0.0484375
1 0.334375 0.4078125 0.0265625 0.040625