1 0.05 0.4140625 0.1 0.128125
1 0.1796875 0.4671875 0.13984375 0.08671875
1 0.05390625 0.5328125 0.04140625 0.0484375
1 0.18046875 0.55703125 0.1046875 0.046875
1 0.5203125 0.390625 0.20234375 0.08359375
1 0.88359375 0.4109375 0.15078125 0.0640625
1 0.44140625 0.56796875 0.16875 0.08515625
1 0.6796875 0.58125 0.1421875 0.0921875
1 0.853125 0.5890625 0.14921875 0.11171875
1 0.68046875 0.48203125 0.028125 0.0234375
1 0.73359375 0.51640625 0.05 0.01953125
1 0.47265625 0.5 0.02890625 0.0328125
1 0.2953125 0.52109375 0.0234375 0.03125