1 0.17421875 0.42734375 0.103125 0.046875
1 0.3484375 0.44140625 0.1046875 0.065625
1 0.44453125 0.39453125 0.05 0.04375
1 0.51171875 0.45234375 0.084375 0.046875
1 0.58359375 0.5203125 0.1015625 0.059375
1 0.3953125 0.53671875 0.034375 0.021875
1 0.43984375 0.57109375 0.096875 0.0390625
1 0.409375 0.62734375 0.171875 0.034375
1 0.7296875 0.596875 0.221875 0.065625
1 0.653125 0.41171875 0.08125 0.059375
1 0.778125 0.4796875 0.09375 0.0546875
1 0.8875 0.49609375 0.0625 0.071875
1 0.1734375 0.48984375 0.05625 0.0390625
1 0.096875 0.53671875 0.059375 0.034375
1 0.16484375 0.56484375 0.0546875 0.0296875
1 0.01875 0.6171875 0.0375 0.0421875
1 0.01015625 0.43359375 0.0203125 0.040625
1 0.01171875 0.49609375 0.0234375 0.03125
1 0.0421875 0.35390625 0.034375 0.028125
1 0.9359375 0.63671875 0.128125 0.0296875