1 0.43515625 0.171875 0.0453125 0.1
1 0.44921875 0.3421875 0.06328125 0.1015625
1 0.403125 0.43515625 0.04296875 0.0484375
1 0.459375 0.50078125 0.046875 0.08203125
1 0.5265625 0.5703125 0.0578125 0.09921875
1 0.5421875 0.3875 0.02109375 0.03359375
1 0.57578125 0.43046875 0.0375 0.0953125
1 0.63046875 0.40078125 0.0328125 0.1671875
1 0.60078125 0.71328125 0.0625 0.21640625
1 0.41953125 0.6390625 0.0578125 0.0796875
1 0.48671875 0.76015625 0.053125 0.09140625
1 0.50234375 0.8671875 0.06953125 0.0609375
1 0.49609375 0.171875 0.03828125 0.0546875
1 0.5421875 0.096875 0.03359375 0.05859375
1 0.56953125 0.16328125 0.02890625 0.053125
1 0.6203125 0.01953125 0.040625 0.0390625
1 0.44140625 0.01171875 0.0390625 0.02265625
1 0.503125 0.0140625 0.03046875 0.02421875
1 0.3640625 0.04375 0.02734375 0.03359375
1 0.6390625 0.92578125 0.02890625 0.1484375