1 0.41171875 0.0171875 0.034375 0.03359375
1 0.48046875 0.1015625 0.02421875 0.08984375
1 0.51484375 0.06796875 0.040625 0.07578125
1 0.5765625 0.0484375 0.0453125 0.07421875
1 0.60234375 0.2484375 0.03203125 0.203125
1 0.490625 0.25390625 0.02421875 0.0609375
1 0.5734375 0.309375 0.01484375 0.05859375
1 0.44140625 0.415625 0.03515625 0.0875
1 0.45234375 0.51640625 0.046875 0.06875
1 0.4296875 0.1765625 0.02734375 0.06171875
1 0.571875 0.4890625 0.0390625 0.0421875
1 0.465625 0.675 0.04921875 0.1015625
1 0.5234375 0.68984375 0.04609375 0.075
1 0.53828125 0.62421875 0.03125 0.05390625
1 0.5703125 0.58515625 0.02734375 0.05625
1 0.60546875 0.53515625 0.021875 0.05703125
1 0.49296875 0.5703125 0.028125 0.05546875
1 0.5421875 0.7796875 0.0703125 0.09296875
1 0.5875 0.72734375 0.03046875 0.053125
1 0.58359375 0.6609375 0.040625 0.0546875
1 0.53515625 0.89296875 0.05 0.11328125
1 0.60234375 0.79609375 0.028125 0.053125
1 0.46484375 0.80234375 0.05078125 0.12578125
1 0.62109375 0.8921875 0.0234375 0.04921875
1 0.6171875 0.96796875 0.03359375 0.053125