1 0.5875 0.2734375 0.071875 0.05
1 0.50078125 0.121875 0.05625 0.034375
1 0.55078125 0.565625 0.1125 0.06875
1 0.596875 0.7515625 0.04375 0.053125
1 0.5078125 0.88828125 0.0328125 0.0265625
1 0.503125 0.94140625 0.0609375 0.05625
1 0.596875 0.9890625 0.0609375 0.021875
1 0.60859375 0.8125 0.0375 0.025
1 0.58984375 0.62265625 0.0375 0.0296875
1 0.56484375 0.50703125 0.0515625 0.034375
1 0.509375 0.17421875 0.028125 0.0265625
1 0.54609375 0.1796875 0.0375 0.05625
1 0.5265625 0.25234375 0.025 0.028125
1 0.346875 0.29375 0.040625 0.046875
1 0.3078125 0.38359375 0.034375 0.046875
1 0.3359375 0.45625 0.0234375 0.025