1 0.4875 0.36875 0.03125 0.10625
1 0.45625 0.20390625 0.03125 0.0796875
1 0.5 0.2015625 0.025 0.1
1 0.44375 0.521875 0.05625 0.1390625
1 0.515625 0.61953125 0.0296875 0.1
1 0.45234375 0.29609375 0.0328125 0.0625
1 0.43828125 0.03515625 0.021875 0.0546875
1 0.43359375 0.1125 0.01875 0.0546875
1 0.46484375 0.09140625 0.034375 0.0328125
1 0.4828125 0.00390625 0.028125 0.0078125
1 0.509375 0.46796875 0.028125 0.1109375
1 0.453125 0.63828125 0.025 0.078125
1 0.44375 0.70390625 0.0390625 0.0703125
1 0.503125 0.8515625 0.053125 0.2125
1 0.4515625 0.9140625 0.04375 0.15