1 0.8953125 0.4125 0.109375 0.05
1 0.71015625 0.42734375 0.1109375 0.06875
1 0.6078125 0.37734375 0.053125 0.046875
1 0.53671875 0.4390625 0.090625 0.05
1 0.4609375 0.51171875 0.109375 0.0625
1 0.66015625 0.52890625 0.0375 0.021875
1 0.61328125 0.565625 0.103125 0.040625
1 0.6453125 0.625 0.18125 0.0359375
1 0.3046875 0.59296875 0.2359375 0.06875
1 0.3859375 0.3953125 0.0875 0.0625
1 0.25390625 0.46796875 0.1 0.059375
1 0.13671875 0.4859375 0.065625 0.075
1 0.89609375 0.47890625 0.059375 0.040625
1 0.9734375 0.528125 0.053125 0.0375
1 0.90546875 0.55859375 0.0578125 0.03125
1 0.0765625 0.63515625 0.153125 0.03125