1 0.5828125 0.1609375 0.065625 0.046875
1 0.6265625 0.3359375 0.04375 0.1125
1 0.4125 0.36015625 0.0640625 0.14375
1 0.565625 0.55234375 0.034375 0.121875
1 0.61171875 0.503125 0.03125 0.0671875
1 0.3796875 0.5453125 0.0265625 0.04375
1 0.44140625 0.55234375 0.0359375 0.04375
1 0.3515625 0.759375 0.0265625 0.09375
1 0.375 0.69296875 0.0453125 0.0375
1 0.41875 0.64453125 0.046875 0.034375
1 0.4453125 0.61953125 0.04375 0.03125
1 0.57734375 0.66796875 0.025 0.03125
1 0.60625 0.66953125 0.028125 0.0546875
1 0.43359375 0.11484375 0.0328125 0.0625
1 0.39453125 0.225 0.040625 0.0796875
1 0.44453125 0.01796875 0.0359375 0.0359375
1 0.56953125 0.0953125 0.04375 0.05
1 0.4140625 0.765625 0.03125 0.1
1 0.3796875 0.9125 0.0453125 0.14375
1 0.63203125 0.78359375 0.0359375 0.053125
1 0.5640625 0.86953125 0.0421875 0.065625
1 0.596875 0.9703125 0.0421875 0.059375
1 0.4078125 0.9890625 0.05625 0.021875
1 0.61484375 0.24453125 0.0203125 0.0296875