1 0.98203125 0.615625 0.0359375 0.03125
1 0.9171875 0.6125 0.046875 0.0234375
1 0.92734375 0.534375 0.1046875 0.05625
1 0.8171875 0.609375 0.071875 0.040625
1 0.81171875 0.5375 0.0953125 0.0703125
1 0.85078125 0.47109375 0.05625 0.025
1 0.746875 0.58828125 0.040625 0.0421875
1 0.671875 0.5765625 0.053125 0.025
1 0.54140625 0.60546875 0.065625 0.0375
1 0.596875 0.5625 0.059375 0.034375
1 0.64296875 0.53359375 0.06875 0.0359375
1 0.71796875 0.525 0.05 0.0265625
1 0.68359375 0.4578125 0.115625 0.040625
1 0.7875 0.44375 0.0671875 0.0234375
1 0.84453125 0.43671875 0.046875 0.01875
1 0.5859375 0.49375 0.0609375 0.03125
1 0.50234375 0.57109375 0.0546875 0.028125
1 0.525 0.4375 0.05 0.0390625
1 0.428125 0.42578125 0.078125 0.0265625
1 0.246875 0.5953125 0.1625 0.0375
1 0.31953125 0.57265625 0.059375 0.034375
1 0.25625 0.4828125 0.071875 0.028125
1 0.05078125 0.578125 0.0875 0.040625
1 0.05703125 0.50234375 0.0625 0.034375
1 0.10390625 0.465625 0.090625 0.03125
1 0.17890625 0.41796875 0.075 0.0328125
1 0.0265625 0.40234375 0.053125 0.04375