1 0.0953125 0.48046875 0.0984375 0.03125
1 0.0359375 0.4375 0.0484375 0.0234375
1 0.1015625 0.4375 0.03359375 0.0234375
1 0.21171875 0.48203125 0.1015625 0.040625
1 0.196875 0.4453125 0.06796875 0.021875
1 0.26796875 0.45 0.04609375 0.01953125
1 0.175 0.53671875 0.040625 0.01328125
1 0.16640625 0.515625 0.04765625 0.02421875
1 0.228125 0.5296875 0.05703125 0.01875
1 0.303125 0.490625 0.04453125 0.0265625
1 0.33984375 0.45625 0.04921875 0.02265625
1 0.4171875 0.459375 0.06171875 0.0265625
1 0.37578125 0.47890625 0.0546875 0.0203125
1 0.32578125 0.52578125 0.0953125 0.02890625
1 0.425 0.503125 0.05546875 0.02109375
1 0.459375 0.440625 0.0453125 0.021875
1 0.50078125 0.4625 0.04765625 0.01796875
1 0.475 0.53203125 0.046875 0.021875
1 0.57421875 0.53359375 0.06953125 0.02890625
1 0.68671875 0.4609375 0.05234375 0.0265625
1 0.7890625 0.45 0.10390625 0.02890625
1 0.7296875 0.50703125 0.08203125 0.01640625
1 0.8828125 0.51640625 0.0921875 0.01875
1 0.93203125 0.496875 0.05859375 0.01875
1 0.9421875 0.45546875 0.06328125 0.021875
1 0.81640625 0.5421875 0.0640625 0.015625
1 0.9765625 0.54921875 0.046875 0.02734375
1 0.77890625 0.52578125 0.04375 0.009375
1 0.70234375 0.4421875 0.07109375 0.01015625