1 0.09453125 0.51640625 0.1171875 0.034375
1 0.03046875 0.5625 0.06015625 0.0203125
1 0.09765625 0.56171875 0.053125 0.0203125
1 0.165625 0.48359375 0.0578125 0.0203125
1 0.21328125 0.51875 0.0859375 0.046875
1 0.2671875 0.55234375 0.03828125 0.028125
1 0.196875 0.55859375 0.071875 0.02734375
1 0.3015625 0.51015625 0.046875 0.02890625
1 0.2265625 0.47109375 0.05078125 0.02265625
1 0.18046875 0.4625 0.06328125 0.0109375
1 0.28046875 0.465625 0.02109375 0.01640625
1 0.328125 0.475 0.0828125 0.02421875
1 0.37421875 0.51875 0.0625 0.02109375
1 0.34296875 0.54140625 0.05625 0.0171875
1 0.4109375 0.53828125 0.05546875 0.025
1 0.428125 0.4953125 0.05234375 0.01796875
1 0.48046875 0.465625 0.0484375 0.01953125
1 0.50546875 0.53359375 0.05859375 0.025
1 0.46171875 0.55859375 0.06015625 0.02109375
1 0.57421875 0.46484375 0.07734375 0.02734375
1 0.7421875 0.49375 0.06953125 0.025
1 0.8140625 0.45703125 0.0484375 0.02734375
1 0.74609375 0.53984375 0.20859375 0.040625
1 0.9078125 0.49296875 0.1203125 0.03125
1 0.93984375 0.5453125 0.08125 0.0171875
1 0.97890625 0.4453125 0.0421875 0.025