1 0.02734375 0.2546875 0.0265625 0.02109375
1 0.06484375 0.28984375 0.034375 0.02890625
1 0.1390625 0.3125 0.05234375 0.034375
1 0.0703125 0.33828125 0.05078125 0.028125
1 0.04921875 0.41015625 0.015625 0.0140625
1 0.05625 0.3921875 0.01875 0.0125
1 0.01953125 0.46640625 0.03203125 0.02890625
1 0.1578125 0.52734375 0.03828125 0.0515625
1 0.11171875 0.39921875 0.03125 0.01875
1 0.16796875 0.41328125 0.01796875 0.015625
1 0.178125 0.4265625 0.0203125 0.01171875
1 0.19921875 0.3765625 0.0375 0.03046875
1 0.25234375 0.38125 0.05078125 0.03984375
1 0.31484375 0.36796875 0.04765625 0.03671875
1 0.3078125 0.39609375 0.02421875 0.0140625
1 0.2921875 0.43125 0.021875 0.01484375
1 0.3875 0.47734375 0.109375 0.04765625
1 0.35390625 0.43984375 0.02421875 0.01640625
1 0.22421875 0.46171875 0.06796875 0.021875
1 0.23125 0.51484375 0.078125 0.0546875
1 0.32578125 0.51953125 0.04453125 0.0390625
1 0.45234375 0.53203125 0.0859375 0.03828125
1 0.45703125 0.49296875 0.02109375 0.01953125
1 0.615625 0.55546875 0.090625 0.03359375
1 0.53828125 0.38125 0.08828125 0.03203125
1 0.50390625 0.32890625 0.06328125 0.0296875
1 0.5578125 0.31640625 0.05 0.03203125
1 0.35 0.2875 0.0484375 0.0234375
1 0.40078125 0.290625 0.02421875 0.02265625
1 0.44140625 0.31953125 0.034375 0.025
1 0.39140625 0.3640625 0.015625 0.02265625
1 0.40078125 0.3296875 0.03515625 0.01875
1 0.2609375 0.32421875 0.0390625 0.02109375
1 0.6375 0.3765625 0.0625 0.04453125
1 0.678125 0.3375 0.05078125 0.0265625
1 0.71640625 0.3640625 0.0453125 0.02421875
1 0.6984375 0.30234375 0.059375 0.0203125
1 0.721875 0.325 0.03203125 0.01640625
1 0.8125 0.484375 0.11640625 0.03203125
1 0.89921875 0.51875 0.071875 0.03984375
1 0.85625 0.37109375 0.06171875 0.02734375
1 0.90390625 0.38671875 0.021875 0.02109375
1 0.9421875 0.39375 0.046875 0.021875
1 0.9609375 0.4125 0.00859375 0.0171875
1 0.98125 0.42734375 0.0125 0.02734375
1 0.82890625 0.4421875 0.0375 0.01640625
1 0.83515625 0.4125 0.040625 0.0203125
1 0.75390625 0.446875 0.0171875 0.0171875
1 0.78359375 0.44609375 0.0234375 0.021875
1 0.65703125 0.425 0.02421875 0.01953125
1 0.665625 0.48046875 0.02890625 0.02734375
1 0.69140625 0.45078125 0.01640625 0.02265625
1 0.72265625 0.44765625 0.01015625 0.021875
1 0.61484375 0.4828125 0.02109375 0.028125
1 0.5796875 0.484375 0.04375 0.01875
1 0.496875 0.47421875 0.0375 0.025
1 0.86328125 0.590625 0.0171875 0.02109375
1 0.8796875 0.55546875 0.0203125 0.01328125
1 0.91484375 0.571875 0.02734375 0.01796875
1 0.7796875 0.5328125 0.01796875 0.01796875
1 0.8046875 0.5796875 0.01640625 0.01484375
1 0.74453125 0.6015625 0.02265625 0.01875
1 0.97109375 0.64140625 0.05390625 0.02890625
1 0.83984375 0.63359375 0.03828125 0.015625
1 0.90859375 0.60625 0.01796875 0.0125
1 0.51015625 0.415625 0.03359375 0.01328125
1 0.415625 0.3921875 0.02734375 0.015625
1 0.36875 0.41171875 0.03359375 0.01796875
1 0.34453125 0.340625 0.01875 0.01796875
1 0.4265625 0.359375 0.01953125 0.01171875
1 0.45390625 0.33984375 0.0140625 0.01171875
1 0.92109375 0.43984375 0.04140625 0.0203125
1 0.95078125 0.48515625 0.0078125 0.0140625
1 0.9734375 0.48359375 0.02265625 0.0171875
1 0.53203125 0.5140625 0.03515625 0.0265625
1 0.54921875 0.453125 0.03671875 0.0203125
1 0.43828125 0.41796875 0.01328125 0.01171875
1 0.39921875 0.43984375 0.028125 0.01015625
1 0.259375 0.28515625 0.01796875 0.01875
1 0.44375 0.58828125 0.04921875 0.028125
1 0.553125 0.584375 0.06171875 0.03046875
1 0.628125 0.59296875 0.04453125 0.021875
1 0.721875 0.57109375 0.03203125 0.02421875
1 0.7125 0.51015625 0.028125 0.02265625
1 0.75234375 0.3625 0.015625 0.021875
1 0.8078125 0.35390625 0.01640625 0.01484375
1 0.83125 0.33828125 0.01796875 0.01328125
1 0.61484375 0.32734375 0.0140625 0.01015625
1 0.6046875 0.52421875 0.0140625 0.01171875
1 0.384375 0.2640625 0.1546875 0.01796875