1 0.96640625 0.371875 0.05625 0.03125
1 0.890625 0.375 0.046875 0.025
1 0.90078125 0.4546875 0.1078125 0.0578125
1 0.7875 0.37890625 0.075 0.040625
1 0.78203125 0.45234375 0.096875 0.071875
1 0.821875 0.5203125 0.0578125 0.025
1 0.71484375 0.4 0.0421875 0.04375
1 0.6375 0.4125 0.053125 0.025
1 0.50390625 0.38203125 0.06875 0.0375
1 0.5609375 0.4265625 0.0609375 0.034375
1 0.6078125 0.45625 0.06875 0.0375
1 0.68515625 0.46484375 0.0515625 0.0265625
1 0.65 0.53359375 0.11875 0.0421875
1 0.75625 0.5484375 0.06875 0.025
1 0.81484375 0.55625 0.0484375 0.01875
1 0.55 0.49765625 0.0625 0.0328125
1 0.46328125 0.4171875 0.05625 0.028125
1 0.4875 0.5546875 0.05 0.040625
1 0.38671875 0.56640625 0.08125 0.028125
1 0.2015625 0.39296875 0.165625 0.0375
1 0.27578125 0.415625 0.0609375 0.0359375
1 0.2109375 0.50859375 0.0734375 0.028125
1 0.02265625 0.409375 0.04375 0.040625
1 0.01953125 0.4875 0.0390625 0.034375
1 0.05390625 0.52578125 0.09375 0.0328125
1 0.13125 0.575 0.0765625 0.034375