1 0.5296875 0.978125 0.040625 0.04375
1 0.63671875 0.97109375 0.04375 0.05625
1 0.6 0.9515625 0.0203125 0.0328125
1 0.55546875 0.75859375 0.04375 0.075
1 0.51328125 0.7703125 0.03125 0.0625
1 0.50390625 0.63125 0.0375 0.0796875
1 0.65078125 0.7546875 0.034375 0.04375
1 0.6515625 0.6984375 0.01875 0.028125
1 0.64140625 0.64140625 0.028125 0.04375
1 0.5828125 0.60859375 0.040625 0.05625
1 0.5796875 0.52734375 0.034375 0.05625
1 0.58984375 0.43671875 0.0234375 0.03125
1 0.6609375 0.4265625 0.0203125 0.0578125
1 0.5984375 0.39140625 0.025 0.0296875
1 0.53671875 0.35703125 0.03125 0.06875
1 0.57265625 0.27890625 0.040625 0.0515625
1 0.65546875 0.23984375 0.0328125 0.046875
1 0.50625 0.2296875 0.0359375 0.034375
1 0.4984375 0.11796875 0.03125 0.034375
1 0.48125 0.05 0.03125 0.053125
1 0.4984375 0.421875 0.03125 0.0546875
1 0.4921875 0.325 0.021875 0.06875
1 0.51171875 0.8625 0.025 0.046875
1 0.653125 0.546875 0.025 0.0390625