1 0.4203125 0.1578125 0.04609375 0.05859375
1 0.3859375 0.25546875 0.0359375 0.0515625
1 0.38671875 0.35078125 0.0421875 0.053125
1 0.39765625 0.51640625 0.03515625 0.05625
1 0.39140625 0.66640625 0.03515625 0.08203125
1 0.4140625 0.965625 0.040625 0.06640625
1 0.6140625 0.90859375 0.0578125 0.13828125
1 0.5796875 0.76484375 0.03984375 0.09140625
1 0.5625 0.5765625 0.03046875 0.1359375
1 0.590625 0.6421875 0.02421875 0.0453125
1 0.61875 0.5421875 0.01796875 0.0296875
1 0.42890625 0.865625 0.04375 0.0578125
1 0.64140625 0.76875 0.03515625 0.11484375
1 0.63046875 0.6921875 0.021875 0.0359375
1 0.5875 0.35703125 0.0734375 0.159375
1 0.5546875 0.11328125 0.0484375 0.05078125
1 0.6375 0.65 0.0171875 0.0328125
1 0.36640625 0.78125 0.02265625 0.05546875
1 0.55546875 0.01875 0.03125 0.0375
1 0.61171875 0.2 0.053125 0.15859375
1 0.4484375 0.09609375 0.0375 0.03125