1 0.77578125 0.9640625 0.028125 0.0390625
1 0.69375 0.8359375 0.028125 0.028125
1 0.69609375 0.76796875 0.0140625 0.01875
1 0.67265625 0.73515625 0.025 0.03125
1 0.63515625 0.68359375 0.028125 0.028125
1 0.565625 0.63515625 0.0125 0.021875
1 0.7555574296875001 0.929546478125 0.729001121875 0.8807895 0.721848575 0.87827110625 0.7063986609375 0.8881047484375 0.7316803015625 0.9302488859375 0.75696194375 0.949916140625 0.7555574296875001 0.929546478125
1 0.700999975 0.9166971531250001 0.7069265062500001 0.9327018046875001 0.7312251953125 0.9682676953125 0.7359664140625 0.957597928125 0.70831271875 0.9127640749999999 0.700999975 0.9166971531250001
1 0.5877853546875 0.603272625 0.5987638 0.5877484468749999 0.5363003671875 0.467517925 0.5257005 0.4843800671875 0.5877853546875 0.603272625
1 0.50234375 0.425 0.015625 0.0171875
1 0.26484375 0.1546875 0.01875 0.028125
1 0.4328125 0.37265625 0.025 0.028125
1 0.353125 0.171875 0.0296875 0.03125
1 0.3140625 0.1875 0.021875 0.01875
1 0.246875 0.10078125 0.034375 0.046875