1 0.83359375 0.56015625 0.0640625 0.05
1 0.728125 0.59765625 0.05625 0.0390625
1 0.625 0.59609375 0.0578125 0.0453125
1 0.4453125 0.584375 0.0609375 0.0375
1 0.28203125 0.59140625 0.0890625 0.0375
1 0.04765625 0.3515625 0.0953125 0.0625
1 0.175 0.38671875 0.1 0.04375
1 0.3796875 0.40546875 0.146875 0.0328125
1 0.30859375 0.375 0.05 0.0265625
1 0.4171875 0.34453125 0.03125 0.01875
1 0.06640625 0.55078125 0.0625 0.046875
1 0.17109375 0.31953125 0.125 0.0375
1 0.2546875 0.33203125 0.0390625 0.025
1 0.61796875 0.37890625 0.1734375 0.0796875
1 0.88203125 0.4140625 0.0546875 0.053125
1 0.3 0.325 0.034375 0.01875
1 0.1578125 0.61875 0.059375 0.025
1 0.98203125 0.4140625 0.034375 0.034375
1 0.78828125 0.35234375 0.171875 0.0578125
1 0.9015625 0.52890625 0.034375 0.040625