1 0.06953125 0.0484375 0.115625 0.065625
1 0.05390625 0.1609375 0.1015625 0.0734375
1 0.178125 0.12109375 0.08125 0.059375
1 0.16875 0.2234375 0.109375 0.075
1 0.08671875 0.35078125 0.1171875 0.0640625
1 0.05703125 0.421875 0.1140625 0.071875
1 0.15625 0.50234375 0.08125 0.059375
1 0.23984375 0.43984375 0.06875 0.028125
1 0.35078125 0.434375 0.0953125 0.05625
1 0.30625 0.58203125 0.125 0.065625
1 0.0984375 0.62421875 0.090625 0.0484375
1 0.07421875 0.725 0.1484375 0.1109375
1 0.18125 0.7921875 0.0546875 0.065625
1 0.10078125 0.83203125 0.0890625 0.05625
1 0.05546875 0.89609375 0.09375 0.025
1 0.31015625 0.85 0.096875 0.065625
1 0.23125 0.915625 0.08125 0.040625
1 0.15078125 0.96328125 0.1125 0.071875
1 0.3109375 0.9875 0.1625 0.025
1 0.0578125 0.9890625 0.115625 0.021875
1 0.59375 0.0796875 0.096875 0.0625
1 0.64609375 0.184375 0.115625 0.04375
1 0.6234375 0.44375 0.1296875 0.153125
1 0.659375 0.72265625 0.1984375 0.1046875
1 0.76796875 0.5375 0.1265625 0.0625
1 0.8140625 0.28671875 0.1234375 0.165625
1 0.79453125 0.03125 0.09375 0.0625
1 0.896875 0.03359375 0.0734375 0.05
1 0.93984375 0.37421875 0.053125 0.0609375
1 0.8484375 0.67265625 0.11875 0.1125
1 0.65390625 0.8875 0.125 0.0734375
1 0.59375 0.9625 0.0765625 0.071875
1 0.53828125 0.99296875 0.0765625 0.0140625
1 0.8796875 0.7875 0.084375 0.0546875
1 0.97109375 0.71484375 0.0578125 0.0484375
1 0.98046875 0.58203125 0.0390625 0.053125
1 0.9546875 0.24296875 0.06875 0.084375