1 0.27421875 0.415625 0.046875 0.06875
1 0.128125 0.49921875 0.034375 0.05390625
1 0.55390625 0.4515625 0.06640625 0.1078125
1 0.7328125 0.40703125 0.0515625 0.040625
1 0.86328125 0.49296875 0.025 0.03125
1 0.91484375 0.496875 0.053125 0.05859375
1 0.965625 0.4078125 0.03046875 0.0578125
1 0.790625 0.39609375 0.02421875 0.03515625
1 0.60859375 0.41328125 0.028125 0.0359375
1 0.4984375 0.4375 0.0328125 0.05
1 0.17890625 0.490625 0.025 0.02734375
1 0.18359375 0.45625 0.0546875 0.0359375
1 0.253125 0.475 0.028125 0.0234375
1 0.29375 0.646875 0.0453125 0.03984375
1 0.37890625 0.684375 0.0453125 0.03359375
1 0.44921875 0.65703125 0.0234375 0.021875