1 0.60390625 0.01328125 0.0390625 0.0265625
1 0.528125 0.10078125 0.0265625 0.1
1 0.48984375 0.0640625 0.0453125 0.084375
1 0.421875 0.0421875 0.05 0.08125
1 0.39296875 0.26328125 0.034375 0.225
1 0.51640625 0.26953125 0.0265625 0.0671875
1 0.425 0.33046875 0.015625 0.065625
1 0.57109375 0.44765625 0.0390625 0.096875
1 0.559375 0.55859375 0.053125 0.075
1 0.58359375 0.18359375 0.03125 0.06875
1 0.4265625 0.528125 0.04375 0.046875
1 0.54375 0.73359375 0.0546875 0.1125
1 0.48046875 0.75078125 0.05 0.084375
1 0.4640625 0.678125 0.034375 0.059375
1 0.428125 0.634375 0.03125 0.0625
1 0.38984375 0.5796875 0.025 0.0625
1 0.5140625 0.61875 0.03125 0.0625
1 0.46015625 0.85 0.078125 0.103125
1 0.409375 0.79140625 0.034375 0.059375
1 0.4140625 0.71796875 0.0453125 0.059375
1 0.46796875 0.95625 0.05625 0.0875
1 0.39296875 0.8671875 0.03125 0.059375
1 0.54453125 0.875 0.05625 0.1375
1 0.37265625 0.9734375 0.0265625 0.053125