1 0.5796875 0.165625 0.0640625 0.04609375
1 0.621875 0.33828125 0.04296875 0.109375
1 0.4109375 0.36171875 0.0625 0.14140625
1 0.5625 0.55078125 0.0328125 0.11953125
1 0.6078125 0.50234375 0.0296875 0.06640625
1 0.37890625 0.54453125 0.0265625 0.04375
1 0.43984375 0.5515625 0.0359375 0.0421875
1 0.35078125 0.7546875 0.0265625 0.09296875
1 0.37421875 0.6890625 0.04453125 0.03671875
1 0.4171875 0.64140625 0.04609375 0.034375
1 0.44375 0.6171875 0.04296875 0.03046875
1 0.57421875 0.6640625 0.025 0.03046875
1 0.60234375 0.66640625 0.028125 0.053125
1 0.43203125 0.1203125 0.03125 0.06171875
1 0.39375 0.22890625 0.0390625 0.078125
1 0.44296875 0.02421875 0.0359375 0.0375
1 0.565625 0.1015625 0.04296875 0.04921875
1 0.4125 0.7609375 0.03046875 0.0984375
1 0.37890625 0.90546875 0.04375 0.140625
1 0.628125 0.778125 0.0359375 0.05234375
1 0.56015625 0.8625 0.04140625 0.06484375
1 0.5921875 0.96640625 0.04140625 0.0671875
1 0.4078125 0.98515625 0.05546875 0.0296875
1 0.6109375 0.24765625 0.0203125 0.0296875