1 0.509375 0.6359375 0.03125 0.10625
1 0.540625 0.80234375 0.03125 0.0796875
1 0.496875 0.8046875 0.025 0.1
1 0.55390625 0.4828125 0.05625 0.140625
1 0.48203125 0.384375 0.03125 0.1
1 0.5453125 0.71015625 0.0328125 0.0625
1 0.559375 0.971875 0.021875 0.05625
1 0.5640625 0.89375 0.01875 0.0546875
1 0.5328125 0.915625 0.034375 0.0328125
1 0.48828125 0.53671875 0.028125 0.1125
1 0.54453125 0.365625 0.025 0.078125
1 0.55390625 0.29921875 0.0390625 0.071875
1 0.49453125 0.15078125 0.053125 0.2125
1 0.54609375 0.08828125 0.04375 0.1515625