8 0.78828125 0.57421875 0.046875 0.0375
8 0.42734375 0.2859375 0.01875 0.028125
8 0.4484375 0.31484375 0.0140625 0.0140625
8 0.4859375 0.28515625 0.0125 0.0125
8 0.47578125 0.21640625 0.021875 0.0171875
8 0.5140625 0.16171875 0.01875 0.01875
8 0.39140625 0.353125 0.04375 0.03125
8 0.36328125 0.40390625 0.0453125 0.034375
8 0.33515625 0.4546875 0.0640625 0.034375
8 0.29453125 0.546875 0.0625 0.025
8 0.40078125 0.68515625 0.0140625 0.028125
8 0.365625 0.7015625 0.0125 0.0125
8 0.525 0.78203125 0.021875 0.021875
8 0.54375 0.753125 0.015625 0.0125
8 0.58359375 0.7140625 0.0328125 0.03125
8 0.71640625 0.7671875 0.028125 0.025
1 0.67265625 0.6734375 0.078125 0.275
8 0.69609375 0.80078125 0.025 0.021875
8 0.66953125 0.86484375 0.05625 0.059375
8 0.72109375 0.88984375 0.015625 0.009375
8 0.72421875 0.9140625 0.0125 0.01875
8 0.35859375 0.9828125 0.009375 0.0140625
1 0.1734375 0.7796875 0.346875 0.440625
8 0.33515625 0.796875 0.0140625 0.0109375
8 0.5484375 0.98359375 0.0125 0.009375
8 0.61171875 0.55703125 0.03125 0.01875
8 0.6421875 0.38359375 0.01875 0.015625
8 0.60234375 0.3953125 0.0140625 0.0109375
8 0.56640625 0.428125 0.0203125 0.015625
8 0.53671875 0.459375 0.0171875 0.015625
8 0.9859375 0.45234375 0.028125 0.0578125
8 0.9625 0.40859375 0.021875 0.034375
8 0.83984375 0.290625 0.0234375 0.03125
1 0.7578125 0.0515625 0.484375 0.103125
8 0.19609375 0.27890625 0.0296875 0.025
8 0.140625 0.315625 0.015625 0.0140625
8 0.26953125 0.240625 0.0234375 0.025
1 0.646875 0.2734375 0.065625 0.1
8 0.634375 0.2609375 0.028125 0.059375
1 0.77109375 0.44765625 0.096875 0.1734375
1 0.8984375 0.49609375 0.1015625 0.1515625
1 0.8125 0.7421875 0.1125 0.2671875