8 0.94140625 0.659375 0.1171875 0.0625
8 0.56640625 0.6609375 0.03125 0.059375
8 0.86328125 0.6640625 0.015625 0.025
8 0.7828125 0.64453125 0.0171875 0.0203125
8 0.6984375 0.6625 0.028125 0.034375
8 0.9875 0.75 0.021875 0.0125
8 0.884375 0.771875 0.04375 0.0234375
8 0.79140625 0.78984375 0.0828125 0.03125
8 0.51640625 0.44140625 0.040625 0.04375
8 0.3875 0.440625 0.01875 0.015625
8 0.27734375 0.35390625 0.025 0.025
8 0.22734375 0.38359375 0.021875 0.025
8 0.421875 0.021875 0.0546875 0.040625
8 0.3421875 0.11328125 0.059375 0.078125
8 0.259375 0.259375 0.028125 0.028125
8 0.2984375 0.175 0.0203125 0.0125
1 0.7421875 0.54140625 0.2625 0.046875
1 0.17734375 0.1578125 0.109375 0.1125
1 0.0953125 0.778125 0.159375 0.065625