8 0.625 0.3609375 0.021875 0.0421875
8 0.6515625 0.47421875 0.0328125 0.021875
8 0.7015625 0.67578125 0.06875 0.103125
8 0.74140625 0.86875 0.0515625 0.0875
8 0.6859375 0.6078125 0.021875 0.0171875
8 0.68359375 0.5421875 0.01875 0.015625
8 0.38828125 0.5421875 0.021875 0.01875
8 0.41484375 0.6 0.021875 0.021875
8 0.4203125 0.6296875 0.0171875 0.0203125
8 0.43359375 0.65703125 0.0171875 0.015625
8 0.46171875 0.70859375 0.025 0.04375
8 0.49375 0.80859375 0.015625 0.015625
8 0.90390625 0.5640625 0.015625 0.015625
8 0.82890625 0.66015625 0.015625 0.0125
8 0.8625 0.715625 0.009375 0.009375
8 0.7703125 0.775 0.015625 0.03125
8 0.7515625 0.68984375 0.0125 0.009375
8 0.778125 0.83125 0.01875 0.04375
8 0.8 0.21796875 0.0125 0.0125
1 0.0515625 0.0890625 0.103125 0.178125
1 0.04296875 0.77265625 0.05 0.1265625
1 0.10625 0.709375 0.0328125 0.20625