1 0.59140625 0.36796875 0.16875 0.1484375
1 0.56484375 0.590625 0.109375 0.05625
1 0.2171875 0.7734375 0.134375 0.059375
1 0.33046875 0.75546875 0.165625 0.071875
1 0.92265625 0.5390625 0.0609375 0.265625
1 0.78203125 0.784375 0.190625 0.2015625
1 0.72109375 0.76015625 0.05625 0.1421875
1 0.63125 0.70390625 0.1171875 0.059375
1 0.53125 0.76484375 0.1140625 0.059375
1 0.5765625 0.49375 0.071875 0.0375
1 0.24296875 0.521875 0.171875 0.046875
1 0.34140625 0.9390625 0.178125 0.0484375
1 0.90703125 0.365625 0.15625 0.16875
8 0.46875 0.034375 0.203125 0.06875
5 0.64453125 0.125 0.1265625 0.10625
5 0.6390625 0.171875 0.05625 0.05625
8 0.1234375 0.975 0.246875 0.05
1 0.24609375 0.28125 0.209375 0.11875
1 0.31640625 0.4125 0.075 0.0453125
8 0.77265625 0.3 0.071875 0.08125
8 0.70546875 0.29921875 0.0375 0.046875
1 0.0703125 0.6890625 0.140625 0.0609375
1 0.37890625 0.1671875 0.140625 0.0796875
1 0.565625 0.96953125 0.159375 0.0609375