8 0.6296875 0.35234375 0.0765625 0.4125
8 0.38359375 0.2265625 0.0125 0.021875
8 0.4359375 0.325 0.0390625 0.025
8 0.47578125 0.39765625 0.053125 0.05
8 0.596875 0.61328125 0.025 0.025
8 0.0890625 0.45546875 0.065625 0.284375
8 0.0296875 0.2953125 0.040625 0.328125
8 0.58359375 0.56015625 0.0328125 0.08125
8 0.9296875 0.08984375 0.021875 0.0203125
8 0.93671875 0.0484375 0.021875 0.0265625
8 0.90390625 0.15 0.021875 0.0265625
8 0.89453125 0.1796875 0.01875 0.015625
8 0.87734375 0.16640625 0.028125 0.0515625
8 0.4671875 0.2484375 0.0140625 0.034375
1 0.515625 0.31796875 0.084375 0.0984375
1 0.525 0.68984375 0.103125 0.11875
1 0.3234375 0.62265625 0.0234375 0.115625
1 0.1796875 0.48515625 0.140625 0.096875
1 0.15859375 0.3171875 0.046875 0.175
1 0.34453125 0.14921875 0.0828125 0.125
1 0.775 0.153125 0.034375 0.215625
1 0.30234375 0.328125 0.0546875 0.103125
8 0.1359375 0.6984375 0.04375 0.175
8 0.06484375 0.659375 0.0375 0.034375
8 0.0859375 0.815625 0.025 0.034375
8 0.0484375 0.7703125 0.025 0.021875
8 0.0578125 0.72578125 0.01875 0.03125
8 0.02734375 0.7375 0.0125 0.0265625