1 0.3859375 0.5921875 0.1375 0.15625
1 0.59140625 0.56796875 0.05078125 0.10078125
1 0.76015625 0.24609375 0.05546875 0.1234375
1 0.74375 0.35078125 0.0671875 0.15234375
1 0.54453125 0.89921875 0.24609375 0.05625
1 0.7703125 0.76875 0.1859375 0.17578125
1 0.7484375 0.7125 0.13203125 0.0515625
1 0.696875 0.62890625 0.0546875 0.10859375
1 0.75234375 0.53671875 0.0546875 0.10546875
1 0.5015625 0.57890625 0.03359375 0.065625
1 0.52734375 0.2703125 0.0421875 0.159375
1 0.9140625 0.3609375 0.04453125 0.16484375
1 0.38359375 0.884375 0.15625 0.14453125
8 0.0546875 0.4796875 0.109375 0.1875
5 0.1609375 0.64140625 0.0984375 0.1171875
5 0.2046875 0.63671875 0.0515625 0.05234375
8 0.94765625 0.13671875 0.0453125 0.2734375
1 0.30546875 0.2734375 0.11015625 0.19375
1 0.4265625 0.3375 0.0421875 0.0703125
8 0.32265625 0.76015625 0.075 0.0671875
8 0.32265625 0.69765625 0.04453125 0.03515625
1 0.6828125 0.08828125 0.05703125 0.17578125
1 0.2 0.39609375 0.0734375 0.13125
1 0.9546875 0.56953125 0.08046875 0.1453125