8 0.396875 0.221875 0.13828125 0.4171875
1 0.15859375 0.3265625 0.08359375 0.25078125
1 0.76328125 0.26640625 0.028125 0.115625
8 0.75703125 0.4046875 0.028125 0.15625
8 0.83125 0.39609375 0.065625 0.1453125
1 0.95859375 0.3484375 0.0671875 0.13203125
8 0.34765625 0.36796875 0.10234375 0.2140625
1 0.253125 0.2046875 0.04765625 0.32421875
1 0.79765625 0.884375 0.2703125 0.0359375
1 0.8 0.80703125 0.0578125 0.30234375
1 0.9828125 0.79765625 0.034375 0.16328125
1 0.88515625 0.76640625 0.06796875 0.0796875
1 0.90390625 0.63046875 0.08359375 0.12265625
1 0.90703125 0.56796875 0.065625 0.0828125
1 0.79375 0.590625 0.0453125 0.1140625
8 0.6953125 0.4609375 0.0171875 0.0109375
1 0.6171875 0.5109375 0.03828125 0.3
8 0.615625 0.54921875 0.00859375 0.0125
8 0.62578125 0.5734375 0.01484375 0.0140625
8 0.61640625 0.4890625 0.01328125 0.0140625
8 0.61484375 0.465625 0.01015625 0.0234375
1 0.65078125 0.41796875 0.025 0.10078125
1 0.678125 0.5953125 0.03046875 0.040625
5 0.51015625 0.3328125 0.0328125 0.175
1 0.584375 0.284375 0.046875 0.08515625
1 0.6515625 0.30625 0.05390625 0.07578125
1 0.0578125 0.72109375 0.115625 0.15
1 0.3703125 0.921875 0.33203125 0.07734375