8 0.36875 0.36328125 0.390625 0.071875
8 0.25 0.5953125 0.0203125 0.0125
8 0.34296875 0.54609375 0.021875 0.0375
8 0.4109375 0.50859375 0.046875 0.05
8 0.61484375 0.39453125 0.021875 0.025
8 0.465625 0.87265625 0.26875 0.0625
8 0.31484375 0.92890625 0.309375 0.0390625
8 0.56484375 0.40703125 0.075 0.03125
8 0.12109375 0.08046875 0.01875 0.021875
8 0.0828125 0.07421875 0.025 0.021875
8 0.178125 0.1046875 0.025 0.021875
8 0.20625 0.11328125 0.015625 0.0171875
8 0.19375 0.13046875 0.0484375 0.025
8 0.27109375 0.51640625 0.03125 0.0125
1 0.33671875 0.47109375 0.09375 0.08125
1 0.68671875 0.4625 0.1125 0.096875
1 0.6234375 0.65234375 0.1078125 0.021875
1 0.49453125 0.7875 0.0921875 0.134375
1 0.3359375 0.8078125 0.1640625 0.0453125
1 0.17734375 0.63203125 0.1171875 0.078125
1 0.18125 0.2265625 0.203125 0.0328125
1 0.3453125 0.671875 0.096875 0.0515625
8 0.6953125 0.82890625 0.1640625 0.0421875
8 0.65859375 0.8953125 0.03125 0.034375
8 0.80546875 0.87578125 0.03125 0.0234375
8 0.7625 0.9109375 0.021875 0.0234375
8 0.72109375 0.903125 0.03125 0.0171875
8 0.73203125 0.93125 0.025 0.0125