1 0.3546875 0.43046875 0.1484375 0.16875
1 0.5765625 0.45703125 0.05625 0.109375
1 0.759375 0.8046875 0.059375 0.134375
1 0.74140625 0.69140625 0.071875 0.165625
1 0.52578125 0.09921875 0.265625 0.0609375
1 0.7703125 0.23984375 0.2015625 0.190625
1 0.746875 0.30078125 0.14375 0.05625
1 0.690625 0.390625 0.059375 0.1171875
1 0.75078125 0.490625 0.059375 0.1140625
1 0.48046875 0.4453125 0.0375 0.071875
1 0.5078125 0.77890625 0.046875 0.171875
1 0.92578125 0.68046875 0.0484375 0.178125
1 0.3515625 0.115625 0.16875 0.15625
8 0.028125 0.55234375 0.05625 0.203125
5 0.1109375 0.37734375 0.10625 0.1265625
5 0.15859375 0.3828125 0.05625 0.0578125
8 0.96171875 0.8875 0.05 0.225
1 0.26796875 0.77578125 0.1203125 0.209375
1 0.39921875 0.70625 0.0453125 0.075
8 0.28671875 0.24921875 0.08125 0.071875
8 0.2859375 0.31640625 0.0484375 0.0375
1 0.67578125 0.940625 0.0609375 0.11875
1 0.15390625 0.64296875 0.0796875 0.1421875
1 0.9625 0.45625 0.075 0.159375