8 0.6359375 0.36484375 0.0734375 0.396875
8 0.4 0.24453125 0.0125 0.0203125
8 0.45 0.3390625 0.0375 0.0234375
8 0.48828125 0.4078125 0.05 0.0484375
8 0.60390625 0.615625 0.025 0.021875
8 0.11796875 0.46328125 0.0625 0.271875
8 0.0609375 0.31015625 0.0390625 0.3125
8 0.59140625 0.5640625 0.03125 0.078125
8 0.9234375 0.11328125 0.021875 0.01875
8 0.9296875 0.07421875 0.021875 0.025
8 0.8984375 0.17109375 0.021875 0.025
8 0.8890625 0.2 0.0171875 0.015625
8 0.87265625 0.1875 0.025 0.05
8 0.4796875 0.265625 0.0125 0.0328125
1 0.52578125 0.33203125 0.08125 0.09375
1 0.53515625 0.68828125 0.1 0.1125
1 0.3421875 0.62421875 0.021875 0.109375
1 0.2046875 0.4921875 0.134375 0.09375
1 0.184375 0.33203125 0.0453125 0.1671875
1 0.3625 0.1703125 0.0796875 0.11875
1 0.775 0.17421875 0.0328125 0.20625
1 0.321875 0.34140625 0.053125 0.096875
8 0.1625 0.696875 0.0421875 0.1671875
8 0.09453125 0.659375 0.0359375 0.0328125
8 0.11484375 0.80859375 0.0234375 0.03125
8 0.07890625 0.765625 0.0234375 0.021875
8 0.0875 0.72265625 0.0171875 0.03125
8 0.05859375 0.73359375 0.0125 0.025