8 0.2203125 0.6015625 0.421875 0.140625
1 0.32578125 0.8421875 0.253125 0.0859375
1 0.26484375 0.23046875 0.1171875 0.028125
8 0.4046875 0.2359375 0.1578125 0.028125
8 0.396875 0.1609375 0.146875 0.065625
1 0.34765625 0.034375 0.134375 0.06875
8 0.36796875 0.6515625 0.2171875 0.103125
1 0.20234375 0.746875 0.328125 0.0484375
1 0.890625 0.1953125 0.0375 0.2734375
1 0.8125 0.19296875 0.30625 0.059375
1 0.80234375 0.0125 0.165625 0.025
1 0.771875 0.10703125 0.08125 0.06875
1 0.634375 0.08828125 0.125 0.084375
1 0.5703125 0.084375 0.084375 0.065625
1 0.59375 0.2 0.115625 0.0453125
8 0.46171875 0.29921875 0.0109375 0.01875
1 0.5125 0.378125 0.303125 0.0390625
8 0.5515625 0.3796875 0.0125 0.009375
8 0.57578125 0.36953125 0.0140625 0.015625
8 0.48984375 0.37890625 0.0140625 0.0125
8 0.46640625 0.38125 0.025 0.009375
1 0.41875 0.34375 0.103125 0.025
1 0.5984375 0.31640625 0.040625 0.03125
5 0.33203125 0.48671875 0.178125 0.034375
1 0.2828125 0.4109375 0.0859375 0.046875
1 0.30546875 0.34296875 0.078125 0.0546875
1 0.725 0.94375 0.1515625 0.1125
1 0.92890625 0.628125 0.078125 0.3359375