8 0.36484375 0.38046875 0.0703125 0.38125
8 0.59140625 0.26484375 0.01171875 0.01953125
8 0.54375 0.35625 0.0359375 0.02265625
8 0.50703125 0.42265625 0.04921875 0.046875
8 0.3953125 0.621875 0.02421875 0.021875
8 0.8625 0.47578125 0.0609375 0.2625
8 0.91796875 0.328125 0.03828125 0.3015625
8 0.4078125 0.57265625 0.03046875 0.07421875
8 0.08828125 0.1390625 0.02109375 0.01875
8 0.08125 0.10078125 0.0203125 0.02421875
8 0.11171875 0.19453125 0.0203125 0.02421875
8 0.1203125 0.221875 0.0171875 0.0140625
8 0.13671875 0.21015625 0.025 0.04765625
8 0.51484375 0.28515625 0.0125 0.03125
1 0.4703125 0.34921875 0.078125 0.090625
1 0.46171875 0.6921875 0.0953125 0.109375
1 0.646875 0.63046875 0.021875 0.10546875
1 0.7796875 0.50390625 0.13046875 0.090625
1 0.79921875 0.34921875 0.04375 0.1609375
1 0.628125 0.19375 0.0765625 0.11484375
1 0.23046875 0.19765625 0.03203125 0.19921875
1 0.66640625 0.35859375 0.05078125 0.09453125
8 0.8203125 0.70078125 0.040625 0.1609375
8 0.88515625 0.6640625 0.034375 0.03125
8 0.86640625 0.8078125 0.02265625 0.03046875
8 0.90078125 0.76640625 0.02265625 0.0203125
8 0.8921875 0.725 0.01640625 0.0296875
8 0.9203125 0.7359375 0.0125 0.025