8 0.21171875 0.41875 0.046875 0.0375
8 0.56875 0.70390625 0.01875 0.0265625
8 0.54765625 0.675 0.0140625 0.0140625
8 0.5109375 0.70390625 0.0125 0.0125
8 0.5203125 0.77265625 0.021875 0.0171875
8 0.4828125 0.8265625 0.01875 0.01875
8 0.60390625 0.63671875 0.04375 0.03125
8 0.63125 0.58671875 0.04375 0.034375
8 0.66015625 0.53671875 0.0625 0.034375
8 0.69921875 0.44609375 0.0625 0.025
8 0.59453125 0.309375 0.0140625 0.0265625
8 0.6296875 0.29296875 0.0125 0.0125
8 0.471875 0.21328125 0.021875 0.021875
8 0.45390625 0.2421875 0.015625 0.0125
8 0.4140625 0.28046875 0.0328125 0.03125
8 0.2828125 0.228125 0.028125 0.025
1 0.3265625 0.32109375 0.078125 0.271875
8 0.303125 0.1953125 0.025 0.021875
8 0.32890625 0.13203125 0.0546875 0.0578125
8 0.278125 0.10703125 0.015625 0.009375
8 0.275 0.08359375 0.0125 0.01875
8 0.6359375 0.015625 0.009375 0.0125
1 0.82421875 0.21640625 0.3515625 0.4328125
8 0.659375 0.19921875 0.0125 0.0109375
8 0.44921875 0.01484375 0.0125 0.009375
8 0.38671875 0.4359375 0.03125 0.01875
8 0.35703125 0.60703125 0.01875 0.015625
8 0.39609375 0.5953125 0.0125 0.0109375
8 0.43125 0.56328125 0.01875 0.015625
8 0.46015625 0.5328125 0.0171875 0.015625
8 0.015625 0.5390625 0.03125 0.05625
8 0.040625 0.58203125 0.021875 0.034375
8 0.16171875 0.6984375 0.021875 0.03125
1 0.240625 0.9421875 0.48125 0.115625
8 0.796875 0.71015625 0.03125 0.0234375
8 0.8515625 0.67421875 0.015625 0.0125
8 0.725 0.74765625 0.0234375 0.0234375
1 0.3515625 0.715625 0.0640625 0.1
8 0.3640625 0.728125 0.0265625 0.059375
1 0.22890625 0.54375 0.09375 0.171875
1 0.10390625 0.49609375 0.1 0.1484375
1 0.18828125 0.25234375 0.1109375 0.2625